2.39359185e+04 1.92211932e+07 -inf
2.39262830e+04 1.92212732e+07 -inf
2.39150288e+04 1.92213692e+07 -inf
2.39019408e+04 1.92214844e+07 -inf
2.38868096e+04 1.92216226e+07 -inf
2.38694338e+04 1.92217885e+07 -inf
2.38496356e+04 1.92219876e+07 -inf
2.38272795e+04 1.92222265e+07 -inf
2.38022943e+04 1.92225131e+07 -inf
2.37746969e+04 1.92228571e+07 -inf
2.37446226e+04 1.92232699e+07 -inf
2.37123355e+04 1.92237652e+07 -inf
2.36782551e+04 1.92243596e+07 -inf
2.36429549e+04 1.92250729e+07 -inf
2.36071539e+04 1.92259289e+07 -inf
2.35716914e+04 1.92269560e+07 -inf
2.35374872e+04 1.92281886e+07 -inf
2.35054876e+04 1.92296676e+07 -inf
2.34766039e+04 1.92314425e+07 -inf
2.34516566e+04 1.92335724e+07 -inf
2.34313178e+04 1.92361282e+07 -inf
2.34160741e+04 1.92391952e+07 -inf
2.34062128e+04 1.92428757e+07 -inf
2.34018383e+04 1.92472921e+07 -inf
2.34029213e+04 1.92525919e+07 -inf
2.34093685e+04 1.92589517e+07 -inf
2.34210768e+04 1.92665834e+07 -inf
2.34379576e+04 1.92757414e+07 -inf
2.34599094e+04 1.92867311e+07 -inf
2.34867382e+04 1.92999186e+07 -inf
2.35180572e+04 1.93157437e+07 -inf
2.35532027e+04 1.93347338e+07 -inf
2.35911946e+04 1.93575220e+07 -inf
2.36307789e+04 1.93848677e+07 -inf
2.36704999e+04 1.94176826e+07 -inf
2.37088045e+04 1.94570605e+07 -inf
2.37441421e+04 1.95043139e+07 -inf
2.37750452e+04 1.95610181e+07 -inf
2.38001877e+04 1.96290631e+07 -inf
2.38184052e+04 1.97107171e+07 -inf
2.38287229e+04 1.98087018e+07 -inf
2.38303009e+04 1.99262836e+07 -inf
2.38224382e+04 2.00673816e+07 -inf
2.38044918e+04 2.02366993e+07 -inf
2.37757860e+04 2.04398805e+07 -inf
2.37356479e+04 2.06836980e+07 -inf
2.36832619e+04 2.09762790e+07 -inf
2.36177460e+04 2.13273761e+07 -inf
2.35381149e+04 2.17486927e+07 -inf
2.34432753e+04 2.22542726e+07 -inf
2.33321031e+04 2.28609685e+07 -inf
2.32033128e+04 2.35890035e+07 -inf
2.30556176e+04 2.44626456e+07 -inf
2.28877039e+04 2.55110160e+07 -inf
2.26982668e+04 2.67690606e+07 -inf
2.24860586e+04 2.82787141e+07 -inf
2.22498608e+04 3.00902983e+07 -inf
2.19969333e+04 3.21898944e+07 -inf
2.17374676e+04 3.45237451e+07 -inf
2.14762966e+04 3.70669633e+07 -inf
2.12155366e+04 3.98107212e+07 -inf
2.09561640e+04 4.27536350e+07 -inf
2.06984201e+04 4.58984024e+07 -inf
2.04424027e+04 4.92499696e+07 -inf
2.01880713e+04 5.28121417e+07 -inf
1.99355062e+04 5.65885907e+07 -inf
1.96846660e+04 6.05836117e+07 -inf
1.94355872e+04 6.48006675e+07 -inf
1.91883744e+04 6.92423215e+07 -inf
1.89550584e+04 7.36728579e+07 -inf
1.87424794e+04 7.79192072e+07 -inf
1.85458781e+04 8.20298819e+07 -inf
1.83450419e+04 8.64218385e+07 -inf
1.81472780e+04 9.09390908e+07 -inf
1.79740148e+04 9.50522403e+07 -inf
1.78168341e+04 9.89132680e+07 -inf
1.76705284e+04 1.02620425e+08 -inf
1.75323337e+04 1.06224172e+08 -inf
1.74007449e+04 1.09749364e+08 -inf
1.72736576e+04 1.13242360e+08 -inf
1.71511678e+04 1.16692340e+08 -inf
1.70334625e+04 1.20085899e+08 -inf
1.69195829e+04 1.23443485e+08 -inf
1.68094725e+04 1.26760638e+08 -inf
1.67023743e+04 1.30055152e+08 -inf
1.65987705e+04 1.33307203e+08 -inf
1.64772773e+04 1.37209663e+08 -inf
1.63440595e+04 1.41599597e+08 -inf
1.62334286e+04 1.45327530e+08 -inf
1.61342109e+04 1.48737730e+08 -inf
1.60424938e+04 1.51948318e+08 -inf
1.59560041e+04 1.55028693e+08 -inf
1.58721091e+04 1.58067212e+08 -inf
1.57916140e+04 1.61030248e+08 -inf
1.57141181e+04 1.63927974e+08 -inf
1.56227883e+04 1.67405246e+08 -inf
1.55176048e+04 1.71495074e+08 -inf
1.54349358e+04 1.74766936e+08 -inf
1.53624246e+04 1.77680878e+08 -inf
1.52952123e+04 1.80420321e+08 -inf
1.52309683e+04 1.83074292e+08 -inf
1.51688884e+04 1.85672624e+08 -inf
1.50955081e+04 1.88790622e+08 -inf
1.50090218e+04 1.92532219e+08 -inf
1.49400916e+04 1.95560372e+08 -inf
1.48793420e+04 1.98264662e+08 -inf
1.48226911e+04 2.00817703e+08 -inf
1.47682854e+04 2.03298724e+08 -inf
1.47156691e+04 2.05725860e+08 -inf
1.46641196e+04 2.08130780e+08 -inf
1.46135257e+04 2.10517544e+08 -inf
1.45638811e+04 2.12885330e+08 -inf
1.45050588e+04 2.15726674e+08 -inf
1.44355321e+04 2.19136287e+08 -inf
1.43789490e+04 2.21947849e+08 -inf
1.43288939e+04 2.24463585e+08 -inf
1.42823650e+04 2.26826895e+08 -inf
1.42379527e+04 2.29105564e+08 -inf
1.41952424e+04 2.31318348e+08 -inf
1.41540389e+04 2.33473277e+08 -inf
1.41137323e+04 2.35600844e+08 -inf
1.40740581e+04 2.37714240e+08 -inf
1.40269501e+04 2.40250317e+08 -inf
1.39711317e+04 2.43293608e+08 -inf
1.39257945e+04 2.45792845e+08 -inf
1.38845711e+04 2.48087627e+08 -inf
1.38449590e+04 2.50313440e+08 -inf
1.38061687e+04 2.52513202e+08 -inf
1.37678086e+04 2.54708498e+08 -inf
1.37303264e+04 2.56872892e+08 -inf
1.36858116e+04 2.59470164e+08 -inf
1.36330518e+04 2.62586890e+08 -inf
1.35885202e+04 2.65246985e+08 -inf
1.35480690e+04 2.67687440e+08 -inf
1.35091580e+04 2.70057357e+08 -inf
1.34708946e+04 2.72409691e+08 -inf
1.34339898e+04 2.74699198e+08 -inf
1.33983817e+04 2.76927774e+08 -inf
1.33635296e+04 2.79127909e+08 -inf
1.33295317e+04 2.81292309e+08 -inf
1.32891305e+04 2.83889588e+08 -inf
1.32412122e+04 2.87006323e+08 -inf
1.32017738e+04 2.89598057e+08 -inf
1.31664157e+04 2.91912230e+08 -inf
1.31249671e+04 2.94689237e+08 -inf
1.30758706e+04 2.98021646e+08 -inf
1.30369966e+04 3.00687574e+08 -inf
1.30029160e+04 3.03045102e+08 -inf
1.29712031e+04 3.05256593e+08 -inf
1.29408430e+04 3.07390172e+08 -inf
1.29113122e+04 3.09481200e+08 -inf
1.28761846e+04 3.11990433e+08 -inf
1.28344715e+04 3.15001513e+08 -inf
1.27995293e+04 3.17547627e+08 -inf
1.27675511e+04 3.19897446e+08 -inf
1.27374914e+04 3.22123786e+08 -inf
1.27082390e+04 3.24307033e+08 -inf
1.26796243e+04 3.26458818e+08 -inf
1.26520630e+04 3.28546590e+08 -inf
1.26252752e+04 3.30589829e+08 -inf
1.25933993e+04 3.33041715e+08 -inf
1.25555235e+04 3.35983978e+08 -inf
1.25226887e+04 3.38557856e+08 -inf
1.24914171e+04 3.41030011e+08 -inf
1.24606921e+04 3.43479229e+08 -inf
1.24310193e+04 3.45863724e+08 -inf
1.24018159e+04 3.48229244e+08 -inf
1.23670934e+04 3.51067868e+08 -inf
1.23258833e+04 3.54474217e+08 -inf
1.22929533e+04 3.57222126e+08 -inf
1.22631286e+04 3.59731663e+08 -inf
1.22347782e+04 3.62136045e+08 -inf
1.22075305e+04 3.64464590e+08 -inf
1.21810492e+04 3.66744519e+08 -inf
1.21495420e+04 3.69480434e+08 -inf
1.21121143e+04 3.72763532e+08 -inf
1.20817664e+04 3.75448863e+08 -inf
1.20544339e+04 3.77885827e+08 -inf
1.20284895e+04 3.80215721e+08 -inf
1.20034188e+04 3.82483037e+08 -inf
1.19735789e+04 3.85203816e+08 -inf
1.19381212e+04 3.88468752e+08 -inf
1.19099374e+04 3.91085892e+08 -inf
1.18850302e+04 3.93415577e+08 -inf
1.18617681e+04 3.95606023e+08 -1.63555125e+01
1.18391611e+04 3.97748765e+08 -1.63018276e+01
1.18170079e+04 3.99861935e+08 -1.62725382e+01
1.17956498e+04 4.01911924e+08 -1.62540548e+01
1.17748727e+04 4.03918262e+08 -1.62540548e+01
1.17501132e+04 4.06325869e+08 -1.62363261e+01
1.17206496e+04 4.09214996e+08 -1.62192927e+01
1.16968203e+04 4.11568737e+08 -1.62029023e+01
1.16754847e+04 4.13689593e+08 -1.62029023e+01
1.16555152e+04 4.15686373e+08 -1.61871080e+01
1.16317128e+04 4.18082510e+08 -1.61871080e+01
1.16033811e+04 4.20957875e+08 -1.61718681e+01
1.15808456e+04 4.23261023e+08 -1.61718681e+01
1.15608385e+04 4.25318074e+08 -1.61571448e+01
1.15420645e+04 4.27259057e+08 -1.61571448e+01
1.15239115e+04 4.29146011e+08 -1.61571448e+01
1.15022634e+04 4.31410355e+08 -1.61429044e+01
1.14764788e+04 4.34127568e+08 -1.61429044e+01
1.14552129e+04 4.36383452e+08 -1.61291161e+01
1.14359671e+04 4.38436973e+08 -1.61291161e+01
1.14175975e+04 4.40407869e+08 -1.61291161e+01
1.13994937e+04 4.42360842e+08 -1.61291161e+01
1.13816235e+04 4.44299043e+08 -1.61291161e+01
1.13640756e+04 4.46212437e+08 -1.61291161e+01
1.13431468e+04 4.48508510e+08 -1.61027872e+01
1.13182175e+04 4.51263797e+08 -1.61027872e+01
1.12973518e+04 4.53585308e+08 -1.60901980e+01
1.12786649e+04 4.55676528e+08 -1.60901980e+01
1.12563883e+04 4.58185992e+08 -1.60901980e+01
1.12298667e+04 4.61197350e+08 -1.60779636e+01
1.11983411e+04 4.64810978e+08 -1.60779636e+01
1.11609358e+04 4.69147333e+08 -1.60660644e+01
1.11312009e+04 4.72627915e+08 -1.60660644e+01
1.11071867e+04 4.75460761e+08 -1.60544825e+01
1.10859663e+04 4.77980819e+08 -1.60544825e+01
1.10659586e+04 4.80371710e+08 -1.60544825e+01
1.10464726e+04 4.82714497e+08 -1.60544825e+01
1.10273826e+04 4.85023545e+08 -1.60322061e+01
1.10092108e+04 4.87234283e+08 -1.60322061e+01
1.09919427e+04 4.89346465e+08 -1.60322061e+01
1.09751456e+04 4.91411983e+08 -1.60214822e+01
1.09551118e+04 4.93890606e+08 -1.60214822e+01
1.09312488e+04 4.96864953e+08 -1.60110168e+01
1.09028644e+04 5.00434169e+08 -1.60110168e+01
1.08784741e+04 5.03525895e+08 -1.60110168e+01
1.08559162e+04 5.06406196e+08 -1.59908134e+01
1.08346512e+04 5.09140297e+08 -1.59908134e+01
1.08142421e+04 5.11781828e+08 -1.59715082e+01
1.07899359e+04 5.14951665e+08 -1.59715082e+01
1.07610340e+04 5.18755469e+08 -1.59440700e+01
1.07375679e+04 5.21868883e+08 -1.59182627e+01
1.07165810e+04 5.24672942e+08 -1.58860781e+01
1.06965988e+04 5.27360331e+08 -1.58561148e+01
1.06770164e+04 5.30011208e+08 -1.58147221e+01
1.06577772e+04 5.32632142e+08 -1.57534525e+01
1.06348622e+04 5.35777264e+08 -1.56704783e+01
1.06076123e+04 5.39551410e+08 -1.55550848e+01
1.05848120e+04 5.42735875e+08 -1.53162027e+01
1.05641392e+04 5.45645105e+08 -1.50779636e+01
1.05445527e+04 5.48420837e+08 -1.48738436e+01
1.05255136e+04 5.51136888e+08 -1.47141428e+01
1.05067720e+04 5.53827675e+08 -1.45493325e+01
1.04883805e+04 5.56485188e+08 -1.44131128e+01
1.04674892e+04 5.59524966e+08 -1.42840181e+01
1.04453465e+04 5.62771601e+08 -1.41468449e+01
1.04256771e+04 5.65675747e+08 -1.39955772e+01
1.04073232e+04 5.68402999e+08 -1.38642983e+01
1.03897275e+04 5.71033443e+08 -1.37346644e+01
1.03725856e+04 5.73611604e+08 -1.36239661e+01
1.03557076e+04 5.76164965e+08 -1.35270561e+01
1.03390511e+04 5.78699347e+08 -1.34198461e+01
1.03227026e+04 5.81201209e+08 -1.33122123e+01
1.03065533e+04 5.83686493e+08 -1.32089928e+01
1.02905477e+04 5.86163556e+08 -1.31188161e+01
1.02746978e+04 5.88630369e+08 -1.30219061e+01
1.02589957e+04 5.91087485e+08 -1.29427249e+01
1.02435170e+04 5.93522848e+08 -1.28458149e+01
1.02282376e+04 5.95939642e+08 -1.27547344e+01
1.02130871e+04 5.98349048e+08 -1.26794834e+01
1.01981522e+04 6.00736599e+08 -1.25905424e+01
1.01807521e+04 6.03534830e+08 -1.25167562e+01
1.01617703e+04 6.06607656e+08 -1.24321914e+01
1.01451224e+04 6.09318799e+08 -1.23360791e+01
1.01295560e+04 6.11868194e+08 -1.22472733e+01
1.01145613e+04 6.14336672e+08 -1.21735801e+01
1.00999497e+04 6.16755030e+08 -1.21064884e+01
1.00854793e+04 6.19161930e+08 -1.20306873e+01
1.00712759e+04 6.21536337e+08 -1.19661711e+01
1.00573699e+04 6.23872613e+08 -1.18955055e+01
1.00409905e+04 6.26639493e+08 -1.18277147e+01
1.00229249e+04 6.29711105e+08 -1.17600458e+01
1.00071767e+04 6.32403764e+08 -1.16861427e+01
9.99273574e+03 6.34886087e+08 -1.16122578e+01
9.97873784e+03 6.37303967e+08 -1.15579434e+01
9.96505508e+03 6.39679360e+08 -1.14912100e+01
9.95176732e+03 6.41996846e+08 -1.14401103e+01
9.93871821e+03 6.44283446e+08 -1.13820368e+01
9.92581298e+03 6.46555179e+08 -1.13308209e+01
9.91307240e+03 6.48808255e+08 -1.12806848e+01
9.89786736e+03 6.51511946e+08 -1.12387708e+01
9.88096287e+03 6.54535468e+08 -1.11739388e+01
9.86655546e+03 6.57126750e+08 -1.11095635e+01
9.85301157e+03 6.59574395e+08 -1.10667501e+01
9.83985435e+03 6.61963513e+08 -1.10155316e+01
9.82717815e+03 6.64276447e+08 -1.09697214e+01
9.81469901e+03 6.66563391e+08 -1.09282855e+01
9.80210568e+03 6.68823373e+08 -1.08727164e+01
9.79000961e+03 6.71057022e+08 -1.08392645e+01
9.77807667e+03 6.73275207e+08 -1.07934719e+01
9.76384123e+03 6.75937029e+08 -1.07520504e+01
9.74783824e+03 6.78945416e+08 -1.07023315e+01
9.73438499e+03 6.81486886e+08 -1.06472534e+01
9.72211479e+03 6.83814770e+08 -1.06140684e+01
9.71045714e+03 6.86035225e+08 -1.05686096e+01
9.69910077e+03 6.88207517e+08 -1.05274614e+01
9.68794759e+03 6.90349384e+08 -1.04898767e+01
9.67701632e+03 6.92457126e+08 -1.04515812e+01
9.66395682e+03 6.94986416e+08 -1.04239138e+01
9.64884059e+03 6.97930061e+08 -1.03854606e+01
9.63630366e+03 7.00382635e+08 -1.03389732e+01
9.62490245e+03 7.02622530e+08 -1.02969842e+01
9.61401902e+03 7.04769545e+08 -1.02685786e+01
9.60342446e+03 7.06867419e+08 -1.02430854e+01
9.59306479e+03 7.08926620e+08 -1.02112666e+01
9.58068920e+03 7.11397662e+08 -1.01816208e+01
9.56620249e+03 7.14305358e+08 -1.01406324e+01
9.55431067e+03 7.16703392e+08 -1.01006234e+01
9.54359225e+03 7.18873567e+08 -1.00688973e+01
9.53346499e+03 7.20931975e+08 -1.00370514e+01
9.52362438e+03 7.22939425e+08 -1.00105801e+01
9.51394750e+03 7.24920313e+08 -9.98562983e+00
9.50437015e+03 7.26888273e+08 -9.96203537e+00
9.49487145e+03 7.28840083e+08 -9.92888585e+00
9.48545088e+03 7.30776696e+08 -9.91837541e+00
9.47419357e+03 7.33100630e+08 -9.90811334e+00
9.46074889e+03 7.35889352e+08 -9.90811334e+00
9.44971940e+03 7.38187267e+08 -9.88828938e+00
9.43977338e+03 7.40267289e+08 -9.88828938e+00
9.43028519e+03 7.42258262e+08 -9.86933095e+00
9.42104373e+03 7.44204179e+08 -9.85713671e+00
9.41195952e+03 7.46123658e+08 -9.85713671e+00
9.40296252e+03 7.48030783e+08 -9.84527552e+00
9.39220639e+03 7.50319332e+08 -9.83372969e+00
9.37936406e+03 7.53065591e+08 -9.83372969e+00
9.36881662e+03 7.55330153e+08 -9.82248288e+00
9.35925691e+03 7.57389655e+08 -9.81151998e+00
9.34994212e+03 7.59403855e+08 -9.80082702e+00
9.34078619e+03 7.61390367e+08 -9.79039103e+00
9.33189023e+03 7.63326571e+08 -9.79039103e+00
9.32125590e+03 7.65650015e+08 -9.78019993e+00
9.30855759e+03 7.68438147e+08 -9.78019993e+00
9.29790695e+03 7.70785944e+08 -9.76050827e+00
9.28793384e+03 7.72993051e+08 -9.76050827e+00
9.27826736e+03 7.75140171e+08 -9.74167088e+00
9.26671399e+03 7.77716716e+08 -9.73254997e+00
9.25292281e+03 7.80808570e+08 -9.72361669e+00
9.24139523e+03 7.83404264e+08 -9.72361669e+00
9.23062191e+03 7.85839812e+08 -9.70628318e+00
9.22003306e+03 7.88243871e+08 -9.70628318e+00
9.20738263e+03 7.91128742e+08 -9.68961502e+00
9.19229015e+03 7.94590587e+08 -9.68961502e+00
9.17972473e+03 7.97486697e+08 -9.67356300e+00
9.16832221e+03 8.00127130e+08 -9.65808319e+00
9.15737476e+03 8.02672312e+08 -9.65808319e+00
9.14658513e+03 8.05191157e+08 -9.64313621e+00
9.13597261e+03 8.07679511e+08 -9.63270915e+00
9.12329449e+03 8.10665536e+08 -9.63270915e+00
9.10816578e+03 8.14248766e+08 -9.62252658e+00
9.09566118e+03 8.17225848e+08 -9.61257730e+00
9.08445776e+03 8.19904261e+08 -9.60285084e+00
9.07380602e+03 8.22461588e+08 -9.59333746e+00
9.06328249e+03 8.24998953e+08 -9.58402802e+00
9.05293136e+03 8.27504233e+08 -9.57491395e+00
9.04056993e+03 8.30510568e+08 -9.56598722e+00
9.02581618e+03 8.34118170e+08 -9.56598722e+00
9.01380285e+03 8.37070993e+08 -9.54904134e+00
9.00302772e+03 8.39730418e+08 -9.54904134e+00
8.99278752e+03 8.42267418e+08 -9.53273192e+00
8.98285660e+03 8.44737635e+08 -9.53273192e+00
8.97308754e+03 8.47176598e+08 -9.53273192e+00
8.96341813e+03 8.49599289e+08 -9.51701288e+00
8.95386788e+03 8.52002186e+08 -9.51701288e+00
8.94438004e+03 8.54398067e+08 -9.50184296e+00
8.93505606e+03 8.56760749e+08 -9.50184296e+00
8.92391599e+03 8.59595966e+08 -9.50184296e+00
8.91061185e+03 8.62998227e+08 -9.48718510e+00
8.89981148e+03 8.65773848e+08 -9.47300584e+00
8.88997978e+03 8.68309792e+08 -9.47300584e+00
8.88042257e+03 8.70784215e+08 -9.45927492e+00
8.87116065e+03 8.73191274e+08 -9.45927492e+00
8.86217415e+03 8.75534585e+08 -9.45927492e+00
8.85333191e+03 8.77847915e+08 -9.44596485e+00
8.84466554e+03 8.80123688e+08 -9.44596485e+00
8.83620285e+03 8.82353723e+08 -9.43305061e+00
8.82784689e+03 8.84562431e+08 -9.43305061e+00
8.81785639e+03 8.87212881e+08 -9.42050932e+00
8.80592753e+03 8.90393421e+08 -9.42050932e+00
8.79612952e+03 8.93016090e+08 -9.40832005e+00
8.78732140e+03 8.95381648e+08 -9.40832005e+00
8.77902708e+03 8.97617247e+08 -9.39646357e+00
8.77091516e+03 8.99810959e+08 -9.39646357e+00
8.76290755e+03 9.01982938e+08 -9.39646357e+00
8.75502045e+03 9.04128588e+08 -9.38492220e+00
8.74725268e+03 9.06249416e+08 -9.38492220e+00
8.73796303e+03 9.08794410e+08 -9.37367961e+00
8.72686091e+03 9.11848402e+08 -9.37367961e+00
8.71773714e+03 9.14368827e+08 -9.36272074e+00
8.70942442e+03 9.16672531e+08 -9.36272074e+00
8.70152021e+03 9.18869589e+08 -9.35203160e+00
8.69207341e+03 9.21506058e+08 -9.35203160e+00
8.68078656e+03 9.24669822e+08 -9.34017157e+00
8.67173557e+03 9.27215938e+08 -9.34017157e+00
8.66374663e+03 9.29471193e+08 -9.32862683e+00
8.65617791e+03 9.31614398e+08 -9.32862683e+00
8.64882188e+03 9.33703186e+08 -9.32862683e+00
8.64165039e+03 9.35745129e+08 -9.31738105e+00
8.63460244e+03 9.37758852e+08 -9.31738105e+00
8.62761906e+03 9.39759733e+08 -9.31738105e+00
8.62067741e+03 9.41753870e+08 -9.30641913e+00
8.61237280e+03 9.44146835e+08 -9.30641913e+00
8.60245062e+03 9.47018392e+08 -9.30641913e+00
8.59427425e+03 9.49392671e+08 -9.30641913e+00
8.58684520e+03 9.51556180e+08 -9.28529200e+00
8.57983224e+03 9.53603988e+08 -9.28529200e+00
8.57297225e+03 9.55612653e+08 -9.28529200e+00
8.56620282e+03 9.57601609e+08 -9.28529200e+00
8.55810333e+03 9.59988356e+08 -9.28529200e+00
8.54841930e+03 9.62852452e+08 -9.26514514e+00
8.54052351e+03 9.65195072e+08 -9.26514514e+00
8.53341144e+03 9.67312330e+08 -9.25541170e+00
8.52665108e+03 9.69330354e+08 -9.25541170e+00
8.51998855e+03 9.71324245e+08 -9.25541170e+00
8.51339160e+03 9.73304486e+08 -9.24589164e+00
8.50689969e+03 9.75259029e+08 -9.24589164e+00
8.50046619e+03 9.77200691e+08 -9.24589164e+00
8.49406970e+03 9.79135914e+08 -9.24589164e+00
8.48771777e+03 9.81063133e+08 -9.24589164e+00
8.48011800e+03 9.83375795e+08 -9.22745559e+00
8.47102928e+03 9.86150990e+08 -9.22745559e+00
8.46347051e+03 9.88466512e+08 -9.22745559e+00
8.45649601e+03 9.90610234e+08 -9.22745559e+00
8.44970283e+03 9.92703683e+08 -9.22745559e+00
8.44314419e+03 9.94730136e+08 -9.20977040e+00
8.43674024e+03 9.96714871e+08 -9.20977040e+00
8.43038161e+03 9.98690345e+08 -9.20119073e+00
8.42277288e+03 1.00106091e+09 -9.20119073e+00
8.41367997e+03 1.00390560e+09 -9.19277728e+00
8.40608370e+03 1.00628934e+09 -9.19277728e+00
8.39916973e+03 1.00846504e+09 -9.19277728e+00
8.39250483e+03 1.01056941e+09 -9.19277728e+00
8.38596187e+03 1.01264044e+09 -9.18045504e+00
8.37947347e+03 1.01469932e+09 -9.18045504e+00
8.37171153e+03 1.01716997e+09 -9.18045504e+00
8.36243645e+03 1.02013475e+09 -9.16847280e+00
8.35460731e+03 1.02264512e+09 -9.16847280e+00
8.34736336e+03 1.02497451e+09 -9.16847280e+00
8.34031219e+03 1.02724855e+09 -9.15681228e+00
8.33337965e+03 1.02949194e+09 -9.15681228e+00
8.32660831e+03 1.03168889e+09 -9.15681228e+00
8.32007496e+03 1.03381405e+09 -9.14545668e+00
8.31372336e+03 1.03588583e+09 -9.14545668e+00
8.30612904e+03 1.03837197e+09 -9.14545668e+00
8.29704697e+03 1.04135534e+09 -9.13439045e+00
8.28959105e+03 1.04381215e+09 -9.13439045e+00
8.28278501e+03 1.04606247e+09 -9.13439045e+00
8.27631176e+03 1.04820813e+09 -9.12359920e+00
8.27002243e+03 1.05029793e+09 -9.12359920e+00
8.26385901e+03 1.05235086e+09 -9.12359920e+00
8.25649037e+03 1.05481437e+09 -9.11306960e+00
8.24767899e+03 1.05777059e+09 -9.11306960e+00
8.24032390e+03 1.06024560e+09 -9.11306960e+00
8.23368745e+03 1.06248467e+09 -9.10278926e+00
8.22735677e+03 1.06462819e+09 -9.10278926e+00
8.22115518e+03 1.06673303e+09 -9.10278926e+00
8.21508996e+03 1.06879651e+09 -9.09274665e+00
8.20783198e+03 1.07127270e+09 -9.09274665e+00
8.19915414e+03 1.07424411e+09 -9.09274665e+00
8.19197553e+03 1.07671104e+09 -9.08293103e+00
8.18548425e+03 1.07894750e+09 -9.08293103e+00
8.17931731e+03 1.08107750e+09 -9.08293103e+00
8.17329952e+03 1.08316209e+09 -9.07333234e+00
8.16735557e+03 1.08522739e+09 -9.07333234e+00
8.16146988e+03 1.08727715e+09 -9.07333234e+00
8.15442581e+03 1.08973686e+09 -9.07333234e+00
8.14600285e+03 1.09268852e+09 -9.07333234e+00
8.13905761e+03 1.09513067e+09 -9.05474887e+00
8.13274117e+03 1.09735731e+09 -9.05474887e+00
8.12667071e+03 1.09950243e+09 -9.05474887e+00
8.12073344e+03 1.10160551e+09 -9.04574706e+00
8.11490246e+03 1.10367803e+09 -9.04574706e+00
8.10914972e+03 1.10572764e+09 -9.04574706e+00
8.10226480e+03 1.10818716e+09 -9.04574706e+00
8.09402945e+03 1.11113859e+09 -9.03692806e+00
8.08722315e+03 1.11358739e+09 -9.03692806e+00
8.08091367e+03 1.11586318e+09 -9.02828458e+00
8.07485614e+03 1.11805341e+09 -9.02828458e+00
8.06903836e+03 1.12016186e+09 -9.02828458e+00
8.06331776e+03 1.12223993e+09 -9.02828458e+00
8.05765029e+03 1.12430505e+09 -9.01702123e+00
8.05086791e+03 1.12678319e+09 -9.01702123e+00
8.04275480e+03 1.12975696e+09 -9.01702123e+00
8.03609022e+03 1.13220736e+09 -9.00604262e+00
8.03005410e+03 1.13443451e+09 -9.00604262e+00
8.02429834e+03 1.13656300e+09 -9.00604262e+00
8.01868274e+03 1.13864431e+09 -9.00604262e+00
8.01313034e+03 1.14070680e+09 -8.99533472e+00
8.00760794e+03 1.14276372e+09 -8.99533472e+00
8.00099992e+03 1.14523203e+09 -8.99533472e+00
7.99309499e+03 1.14819400e+09 -8.99533472e+00
7.98649510e+03 1.15067383e+09 -8.98488449e+00
7.98054110e+03 1.15291726e+09 -8.98488449e+00
7.97488564e+03 1.15505503e+09 -8.98488449e+00
7.96811664e+03 1.15762035e+09 -8.98488449e+00
7.96001969e+03 1.16069873e+09 -8.98488449e+00
7.95350907e+03 1.16318207e+09 -8.98488449e+00
7.94765460e+03 1.16542135e+09 -8.96470941e+00
7.94208629e+03 1.16755594e+09 -8.96470941e+00
7.93664848e+03 1.16964511e+09 -8.96470941e+00
7.93124953e+03 1.17172490e+09 -8.96470941e+00
7.92591263e+03 1.17378657e+09 -8.96470941e+00
7.92062767e+03 1.17583244e+09 -8.96470941e+00
7.91430156e+03 1.17828749e+09 -8.96470941e+00
7.90673615e+03 1.18123355e+09 -8.96470941e+00
7.90050001e+03 1.18366943e+09 -8.94543010e+00
7.89483062e+03 1.18588907e+09 -8.94543010e+00
7.88942784e+03 1.18800902e+09 -8.94543010e+00
7.88415829e+03 1.19008232e+09 -8.93610217e+00
7.87897707e+03 1.19212674e+09 -8.93610217e+00
7.87383919e+03 1.19415818e+09 -8.93610217e+00
7.86768890e+03 1.19659590e+09 -8.93610217e+00
7.86033030e+03 1.19952118e+09 -8.92697037e+00
7.85426499e+03 1.20193987e+09 -8.92697037e+00
7.84854162e+03 1.20414385e+09 -8.92697037e+00
7.84327064e+03 1.20624884e+09 -8.91802664e+00
7.83811904e+03 1.20831743e+09 -8.91802664e+00
7.83301465e+03 1.21037464e+09 -8.91802664e+00
7.82794246e+03 1.21242446e+09 -8.90926339e+00
7.82187626e+03 1.21488425e+09 -8.90926339e+00
7.81461546e+03 1.21783600e+09 -8.90926339e+00
7.80859694e+03 1.22028842e+09 -8.90926339e+00
7.80315461e+03 1.22251281e+09 -8.90926339e+00
7.79798483e+03 1.22463012e+09 -8.90926339e+00
7.79295731e+03 1.22669318e+09 -8.90926339e+00
7.78693819e+03 1.22916886e+09 -8.89225016e+00
7.77973976e+03 1.23213967e+09 -8.89225016e+00
7.77382423e+03 1.23458763e+09 -8.89225016e+00
7.76848118e+03 1.23680347e+09 -8.89225016e+00
7.76340100e+03 1.23891465e+09 -8.89225016e+00
7.75841963e+03 1.24099058e+09 -8.89225016e+00
7.75347968e+03 1.24305477e+09 -8.87587836e+00
7.74856677e+03 1.24511164e+09 -8.87587836e+00
7.74370747e+03 1.24715010e+09 -8.87587836e+00
7.73788984e+03 1.24959625e+09 -8.87587836e+00
7.73092950e+03 1.25253164e+09 -8.86791823e+00
7.72511088e+03 1.25499332e+09 -8.86791823e+00
7.71978575e+03 1.25725119e+09 -8.86791823e+00
7.71466762e+03 1.25942589e+09 -8.86010138e+00
7.70965901e+03 1.26155848e+09 -8.86010138e+00
7.70478029e+03 1.26364041e+09 -8.86010138e+00
7.69894767e+03 1.26613872e+09 -8.85242274e+00
7.69196780e+03 1.26913670e+09 -8.85242274e+00
7.68629173e+03 1.27158067e+09 -8.85242274e+00
7.68116579e+03 1.27379307e+09 -8.84487751e+00
7.67627499e+03 1.27590959e+09 -8.84487751e+00
7.67150317e+03 1.27797867e+09 -8.84487751e+00
7.66680654e+03 1.28001915e+09 -8.84487751e+00
7.66118353e+03 1.28246773e+09 -8.84487751e+00
7.65446067e+03 1.28540602e+09 -8.84487751e+00
7.64895450e+03 1.28781903e+09 -8.83016930e+00
7.64395239e+03 1.29001579e+09 -8.83016930e+00
7.63916472e+03 1.29212313e+09 -8.83016930e+00
7.63450009e+03 1.29418183e+09 -8.83016930e+00
7.62990808e+03 1.29621242e+09 -8.83016930e+00
7.62441053e+03 1.29864912e+09 -8.83016930e+00
7.61783618e+03 1.30157317e+09 -8.83016930e+00
7.61243612e+03 1.30398259e+09 -8.81594293e+00
7.60755896e+03 1.30616355e+09 -8.81594293e+00
7.60294319e+03 1.30823207e+09 -8.81594293e+00
7.59842952e+03 1.31025913e+09 -8.81594293e+00
7.59395053e+03 1.31227646e+09 -8.81594293e+00
7.58952122e+03 1.31427636e+09 -8.81594293e+00
7.58421974e+03 1.31667625e+09 -8.80216784e+00
7.57787820e+03 1.31955611e+09 -8.80216784e+00
7.57262821e+03 1.32194702e+09 -8.80216784e+00
7.56786669e+03 1.32412346e+09 -8.80216784e+00
7.56335006e+03 1.32619326e+09 -8.80216784e+00
7.55891605e+03 1.32823017e+09 -8.80216784e+00
7.55453981e+03 1.33024543e+09 -8.78881627e+00
7.54930386e+03 1.33266375e+09 -8.78881627e+00
7.54305055e+03 1.33556574e+09 -8.78881627e+00
7.53790967e+03 1.33795871e+09 -8.78881627e+00
7.53326660e+03 1.34012595e+09 -8.78881627e+00
7.52885725e+03 1.34218962e+09 -8.78881627e+00
7.52358505e+03 1.34466603e+09 -8.77586296e+00
7.51728689e+03 1.34763771e+09 -8.77586296e+00
7.51216937e+03 1.35006026e+09 -8.77586296e+00
7.50756931e+03 1.35224429e+09 -8.77586296e+00
7.50321559e+03 1.35431782e+09 -8.77586296e+00
7.49900686e+03 1.35633001e+09 -8.76328483e+00
7.49397244e+03 1.35874465e+09 -8.76328483e+00
7.48795482e+03 1.36164221e+09 -8.76328483e+00
7.48306566e+03 1.36400433e+09 -8.76328483e+00
7.47865675e+03 1.36614263e+09 -8.76328483e+00
7.47445106e+03 1.36818826e+09 -8.76328483e+00
7.47031133e+03 1.37020756e+09 -8.75106076e+00
7.46623029e+03 1.37220388e+09 -8.75106076e+00
7.46221188e+03 1.37417673e+09 -8.75106076e+00
7.45740841e+03 1.37654415e+09 -8.75106076e+00
7.45166712e+03 1.37938506e+09 -8.75106076e+00
7.44693332e+03 1.38173558e+09 -8.75106076e+00
7.44265165e+03 1.38386977e+09 -8.73917137e+00
7.43855335e+03 1.38591941e+09 -8.73917137e+00
7.43456266e+03 1.38792099e+09 -8.73917137e+00
7.42979027e+03 1.39032289e+09 -8.73917137e+00
7.42408724e+03 1.39320517e+09 -8.73917137e+00
7.41945462e+03 1.39555483e+09 -8.73917137e+00
7.41527944e+03 1.39768185e+09 -8.72759880e+00
7.41127870e+03 1.39972613e+09 -8.72759880e+00
7.40740192e+03 1.40171289e+09 -8.72759880e+00
7.40276602e+03 1.40409701e+09 -8.72759880e+00
7.39722651e+03 1.40695795e+09 -8.72759880e+00
7.39268108e+03 1.40931708e+09 -8.71632662e+00
7.38859427e+03 1.41144493e+09 -8.71632662e+00
7.38467244e+03 1.41349313e+09 -8.71632662e+00
7.38083815e+03 1.41550163e+09 -8.71632662e+00
7.37625565e+03 1.41791184e+09 -8.71632662e+00
7.37078257e+03 1.42080408e+09 -8.71632662e+00
7.36630415e+03 1.42317927e+09 -8.70533963e+00
7.36228989e+03 1.42531518e+09 -8.70533963e+00
7.35848979e+03 1.42734535e+09 -8.70533963e+00
7.35477981e+03 1.42933323e+09 -8.70533963e+00
7.35113333e+03 1.43129284e+09 -8.70533963e+00
7.34677377e+03 1.43364437e+09 -8.70533963e+00
7.34156769e+03 1.43646621e+09 -8.69462375e+00
7.33730728e+03 1.43878358e+09 -8.69462375e+00
7.33344100e+03 1.44089327e+09 -8.69462375e+00
7.32972929e+03 1.44292648e+09 -8.69462375e+00
7.32610169e+03 1.44491967e+09 -8.69462375e+00
7.32253729e+03 1.44688394e+09 -8.68416592e+00
7.31902259e+03 1.44882647e+09 -8.68416592e+00
7.31482300e+03 1.45115751e+09 -8.68416592e+00
7.30980529e+03 1.45395476e+09 -8.68416592e+00
7.30567099e+03 1.45626760e+09 -8.68416592e+00
7.30193096e+03 1.45836651e+09 -8.68416592e+00
7.29834930e+03 1.46038377e+09 -8.67395400e+00
7.29483159e+03 1.46237203e+09 -8.67395400e+00
7.29139610e+03 1.46431941e+09 -8.67395400e+00
7.28728768e+03 1.46665627e+09 -8.67395400e+00
7.28237799e+03 1.46946051e+09 -8.67395400e+00
7.27834988e+03 1.47176979e+09 -8.67395400e+00
7.27469096e+03 1.47387620e+09 -8.66397670e+00
7.27122331e+03 1.47587838e+09 -8.66397670e+00
7.26783682e+03 1.47783936e+09 -8.66397670e+00
7.26449226e+03 1.47978164e+09 -8.66397670e+00
7.26118208e+03 1.48170944e+09 -8.66397670e+00
7.25722606e+03 1.48402280e+09 -8.66397670e+00
7.25250072e+03 1.48679883e+09 -8.65422347e+00
7.24859348e+03 1.48910210e+09 -8.65422347e+00
7.24503496e+03 1.49120637e+09 -8.65422347e+00
7.24166386e+03 1.49320572e+09 -8.65422347e+00
7.23839042e+03 1.49515473e+09 -8.65422347e+00
7.23447657e+03 1.49749354e+09 -8.65422347e+00
7.22979884e+03 1.50030012e+09 -8.65422347e+00
7.22594180e+03 1.50262223e+09 -8.65422347e+00
7.22247875e+03 1.50471357e+09 -8.65422347e+00
7.21915242e+03 1.50672894e+09 -8.65422347e+00
7.21587322e+03 1.50872358e+09 -8.65422347e+00
7.21267374e+03 1.51067519e+09 -8.63535051e+00
7.20952788e+03 1.51259942e+09 -8.63535051e+00
7.20576531e+03 1.51490848e+09 -8.63535051e+00
7.20126798e+03 1.51767936e+09 -8.63535051e+00
7.19737219e+03 1.52008808e+09 -8.63535051e+00
7.19378339e+03 1.52231642e+09 -8.63535051e+00
7.19030537e+03 1.52448322e+09 -8.63535051e+00
7.18692963e+03 1.52659267e+09 -8.63535051e+00
7.18360625e+03 1.52867550e+09 -8.63535051e+00
7.18031474e+03 1.53074442e+09 -8.63535051e+00
7.17705962e+03 1.53279644e+09 -8.63535051e+00
7.17382723e+03 1.53484247e+09 -8.63535051e+00
7.16996233e+03 1.53729770e+09 -8.61726365e+00
7.16534353e+03 1.54024398e+09 -8.61726365e+00
7.16151140e+03 1.54269711e+09 -8.61726365e+00
7.15801436e+03 1.54494422e+09 -8.61726365e+00
7.15470545e+03 1.54707787e+09 -8.61726365e+00
7.15074875e+03 1.54963826e+09 -8.61726365e+00
7.14602090e+03 1.55271072e+09 -8.61726365e+00
7.14219376e+03 1.55520721e+09 -8.61726365e+00
7.13877957e+03 1.55744333e+09 -8.61726365e+00
7.13551009e+03 1.55959084e+09 -8.61726365e+00
7.13229652e+03 1.56170788e+09 -8.59990003e+00
7.12915826e+03 1.56378129e+09 -8.59990003e+00
7.12607358e+03 1.56582510e+09 -8.59990003e+00
7.12238808e+03 1.56827768e+09 -8.59990003e+00
7.11798338e+03 1.57122076e+09 -8.59990003e+00
7.11436607e+03 1.57364588e+09 -8.59990003e+00
7.11108822e+03 1.57585005e+09 -8.59990003e+00
7.10795017e+03 1.57796634e+09 -8.59990003e+00
7.10486833e+03 1.58005294e+09 -8.59990003e+00
7.10118254e+03 1.58255686e+09 -8.59990003e+00
7.09677715e+03 1.58556156e+09 -8.59990003e+00
7.09318581e+03 1.58801918e+09 -8.58320403e+00
7.08992287e+03 1.59025881e+09 -8.58320403e+00
7.08680583e+03 1.59240674e+09 -8.58320403e+00
7.08378380e+03 1.59449534e+09 -8.58320403e+00
7.08016929e+03 1.59700167e+09 -8.58320403e+00
7.07584877e+03 1.60000926e+09 -8.57509071e+00
7.07232409e+03 1.60247097e+09 -8.57509071e+00
7.06914767e+03 1.60469718e+09 -8.57509071e+00
7.06613255e+03 1.60681779e+09 -8.57509071e+00
7.06252616e+03 1.60936252e+09 -8.56712619e+00
7.05821518e+03 1.61241619e+09 -8.56712619e+00
7.05472596e+03 1.61489572e+09 -8.56712619e+00
7.05158625e+03 1.61713335e+09 -8.56712619e+00
7.04861740e+03 1.61925723e+09 -8.56712619e+00
7.04573082e+03 1.62132816e+09 -8.55930510e+00
7.04227774e+03 1.62381328e+09 -8.55930510e+00
7.03814984e+03 1.62679543e+09 -8.55930510e+00
7.03477039e+03 1.62924445e+09 -8.55930510e+00
7.03170278e+03 1.63147400e+09 -8.55930510e+00
7.02878420e+03 1.63360309e+09 -8.55162238e+00
7.02593731e+03 1.63568595e+09 -8.55162238e+00
7.02253155e+03 1.63818539e+09 -8.55162238e+00
7.01845983e+03 1.64118471e+09 -8.55162238e+00
7.01509866e+03 1.64366826e+09 -8.55162238e+00
7.01207867e+03 1.64590602e+09 -8.55162238e+00
7.00920707e+03 1.64804053e+09 -8.55162238e+00
7.00640749e+03 1.65012873e+09 -8.55162238e+00
7.00364026e+03 1.65219781e+09 -8.55162238e+00
7.00088750e+03 1.65426136e+09 -8.55162238e+00
6.99816678e+03 1.65630599e+09 -8.53665301e+00
6.99491159e+03 1.65875955e+09 -8.53665301e+00
6.99101929e+03 1.66170383e+09 -8.53665301e+00
6.98777821e+03 1.66416405e+09 -8.53665301e+00
6.98482460e+03 1.66641445e+09 -8.53665301e+00
6.98201198e+03 1.66856288e+09 -8.53665301e+00
6.97925509e+03 1.67067399e+09 -8.53665301e+00
6.97655962e+03 1.67274327e+09 -8.53665301e+00
6.97389656e+03 1.67479262e+09 -8.53665301e+00
6.97071039e+03 1.67725183e+09 -8.53665301e+00
6.96690041e+03 1.68020289e+09 -8.52218246e+00
6.96376249e+03 1.68264290e+09 -8.52218246e+00
6.96091100e+03 1.68486630e+09 -8.52218246e+00
6.95818172e+03 1.68699970e+09 -8.52218246e+00
6.95491630e+03 1.68955978e+09 -8.52218246e+00
6.95101158e+03 1.69263188e+09 -8.52218246e+00
6.94784977e+03 1.69512807e+09 -8.52218246e+00
6.94500349e+03 1.69738217e+09 -8.52218246e+00
6.94229770e+03 1.69953013e+09 -8.52218246e+00
6.93966810e+03 1.70162248e+09 -8.52218246e+00
6.93707886e+03 1.70368775e+09 -8.50817856e+00
6.93398195e+03 1.70616607e+09 -8.50817856e+00
6.93027734e+03 1.70914006e+09 -8.50817856e+00
6.92719010e+03 1.71162511e+09 -8.50817856e+00
6.92437394e+03 1.71389822e+09 -8.50817856e+00
6.92172893e+03 1.71603893e+09 -8.50817856e+00
6.91856320e+03 1.71860778e+09 -8.50817856e+00
6.91477615e+03 1.72169040e+09 -8.50817856e+00
6.91169056e+03 1.72421026e+09 -8.50817856e+00
6.90889996e+03 1.72649575e+09 -8.49461215e+00
6.90622329e+03 1.72869264e+09 -8.49461215e+00
6.90301936e+03 1.73132890e+09 -8.49461215e+00
6.89918626e+03 1.73449242e+09 -8.49461215e+00
6.89611371e+03 1.73703450e+09 -8.49461215e+00
6.89335885e+03 1.73931959e+09 -8.49461215e+00
6.89076046e+03 1.74148099e+09 -8.49461215e+00
6.88764955e+03 1.74407466e+09 -8.49461215e+00
6.88392684e+03 1.74718706e+09 -8.49461215e+00
6.88092280e+03 1.74970443e+09 -8.48145672e+00
6.87820357e+03 1.75198776e+09 -8.48145672e+00
6.87560851e+03 1.75417106e+09 -8.48145672e+00
6.87307600e+03 1.75630570e+09 -8.48145672e+00
6.87058300e+03 1.75841076e+09 -8.48145672e+00
6.86812230e+03 1.76049218e+09 -8.48145672e+00
6.86518083e+03 1.76298989e+09 -8.48145672e+00
6.86165930e+03 1.76598714e+09 -8.48145672e+00
6.85875346e+03 1.76846534e+09 -8.46868809e+00
6.85607660e+03 1.77075244e+09 -8.46868809e+00
6.85348806e+03 1.77296797e+09 -8.46868809e+00
6.85096997e+03 1.77512690e+09 -8.46868809e+00
6.84850047e+03 1.77724767e+09 -8.46868809e+00
6.84606020e+03 1.77934666e+09 -8.46868809e+00
6.84364144e+03 1.78143039e+09 -8.46868809e+00
6.84074412e+03 1.78393087e+09 -8.46868809e+00
6.83727945e+03 1.78693144e+09 -8.46868809e+00
6.83439622e+03 1.78943297e+09 -8.45628418e+00
6.83178922e+03 1.79169843e+09 -8.45628418e+00
6.82929796e+03 1.79386663e+09 -8.45628418e+00
6.82684319e+03 1.79600612e+09 -8.45628418e+00
6.82440786e+03 1.79813165e+09 -8.45628418e+00
6.82149018e+03 1.80068228e+09 -8.45628418e+00
6.81799765e+03 1.80374305e+09 -8.45628418e+00
6.81509303e+03 1.80629475e+09 -8.45628418e+00
6.81246611e+03 1.80860566e+09 -8.45628418e+00
6.80995525e+03 1.81081735e+09 -8.44422472e+00
6.80748064e+03 1.81299976e+09 -8.44422472e+00
6.80503708e+03 1.81515732e+09 -8.44422472e+00
6.80211150e+03 1.81774640e+09 -8.44422472e+00
6.79860716e+03 1.82085329e+09 -8.44422472e+00
6.79572369e+03 1.82341338e+09 -8.44422472e+00
6.79309541e+03 1.82574994e+09 -8.44422472e+00
6.79057890e+03 1.82798997e+09 -8.44422472e+00
6.78812429e+03 1.83017865e+09 -8.43249110e+00
6.78569553e+03 1.83234797e+09 -8.43249110e+00
6.78278485e+03 1.83495114e+09 -8.43249110e+00
6.77929763e+03 1.83807496e+09 -8.43249110e+00
6.77641624e+03 1.84065955e+09 -8.43249110e+00
6.77380339e+03 1.84300627e+09 -8.43249110e+00
6.77126322e+03 1.84529276e+09 -8.43249110e+00
6.76875859e+03 1.84754995e+09 -8.43249110e+00
6.76630912e+03 1.84976005e+09 -8.42106617e+00
6.76387374e+03 1.85195999e+09 -8.42106617e+00
6.76146244e+03 1.85414082e+09 -8.42106617e+00
6.75857336e+03 1.85675781e+09 -8.42106617e+00
6.75511523e+03 1.85989820e+09 -8.42106617e+00
6.75224100e+03 1.86251296e+09 -8.42106617e+00
6.74962265e+03 1.86489833e+09 -8.42106617e+00
6.74713633e+03 1.86716660e+09 -8.42106617e+00
6.74470542e+03 1.86938738e+09 -8.40993411e+00
6.74230052e+03 1.87158739e+09 -8.40993411e+00
6.73926485e+03 1.87422741e+09 -8.40993411e+00
6.73580531e+03 1.87739543e+09 -8.40993411e+00
6.73296080e+03 1.88001483e+09 -8.40993411e+00
6.73034401e+03 1.88243223e+09 -8.40993411e+00
6.72785922e+03 1.88473217e+09 -8.40993411e+00
6.72488247e+03 1.88749209e+09 -8.39908028e+00
6.72131919e+03 1.89080400e+09 -8.39908028e+00
6.71845841e+03 1.89346719e+09 -8.39908028e+00
6.71588812e+03 1.89586288e+09 -8.39908028e+00
6.71343956e+03 1.89814795e+09 -8.39908028e+00
6.71105801e+03 1.90037333e+09 -8.39908028e+00
6.70871005e+03 1.90257004e+09 -8.39908028e+00
6.70638053e+03 1.90475222e+09 -8.38849110e+00
6.70406404e+03 1.90692717e+09 -8.38849110e+00
6.70128828e+03 1.90953712e+09 -8.38849110e+00
6.69796308e+03 1.91266905e+09 -8.38849110e+00
6.69520648e+03 1.91526924e+09 -8.38849110e+00
6.69270051e+03 1.91763619e+09 -8.38849110e+00
6.69030950e+03 1.91989740e+09 -8.38849110e+00
6.68795148e+03 1.92213029e+09 -8.38849110e+00
6.68560309e+03 1.92435911e+09 -8.37815398e+00
6.68278891e+03 1.92703369e+09 -8.37815398e+00
6.67941788e+03 1.93024319e+09 -8.37815398e+00
6.67667360e+03 1.93285960e+09 -8.37815398e+00
6.67418219e+03 1.93523799e+09 -8.37815398e+00
6.67180509e+03 1.93751006e+09 -8.37815398e+00
6.66949368e+03 1.93972193e+09 -8.37815398e+00
6.66720582e+03 1.94191625e+09 -8.36805719e+00
6.66446424e+03 1.94454942e+09 -8.36805719e+00
6.66117942e+03 1.94770923e+09 -8.36805719e+00
6.65843487e+03 1.95035266e+09 -8.36805719e+00
6.65594572e+03 1.95275286e+09 -8.36805719e+00
6.65358937e+03 1.95502757e+09 -8.36805719e+00
6.65130432e+03 1.95723598e+09 -8.36805719e+00
6.64856770e+03 1.95988608e+09 -8.35818982e+00
6.64529143e+03 1.96306619e+09 -8.35818982e+00
6.64259551e+03 1.96568661e+09 -8.35818982e+00
6.64015824e+03 1.96805856e+09 -8.35818982e+00
6.63781701e+03 1.97033970e+09 -8.35818982e+00
6.63550144e+03 1.97259852e+09 -8.35818982e+00
6.63322786e+03 1.97481899e+09 -8.35818982e+00
6.63050354e+03 1.97748354e+09 -8.34820063e+00
6.62724249e+03 1.98068101e+09 -8.34820063e+00
6.62456885e+03 1.98330686e+09 -8.34820063e+00
6.62214792e+03 1.98568745e+09 -8.34820063e+00
6.61982478e+03 1.98797458e+09 -8.34820063e+00
6.61755896e+03 1.99020788e+09 -8.34820063e+00
6.61484424e+03 1.99288784e+09 -8.33843605e+00
6.61159187e+03 1.99610379e+09 -8.33843605e+00
6.60894395e+03 1.99872547e+09 -8.33843605e+00
6.60653232e+03 2.00111875e+09 -8.33843605e+00
6.60422418e+03 2.00341234e+09 -8.33843605e+00
6.60198137e+03 2.00564337e+09 -8.33843605e+00
6.59976948e+03 2.00784631e+09 -8.33843605e+00
6.59711899e+03 2.01048984e+09 -8.32888619e+00
6.59394367e+03 2.01366207e+09 -8.32888619e+00
6.59133938e+03 2.01626720e+09 -8.32888619e+00
6.58892971e+03 2.01868047e+09 -8.32888619e+00
6.58661172e+03 2.02100487e+09 -8.32888619e+00
6.58438561e+03 2.02324241e+09 -8.32888619e+00
6.58171777e+03 2.02592746e+09 -8.32888619e+00
6.57852096e+03 2.02914952e+09 -8.32888619e+00
6.57589889e+03 2.03179557e+09 -8.32888619e+00
6.57353404e+03 2.03418466e+09 -8.32888619e+00
6.57128192e+03 2.03646234e+09 -8.32888619e+00
6.56907012e+03 2.03870164e+09 -8.32888619e+00
6.56687310e+03 2.04092838e+09 -8.31039427e+00
6.56469690e+03 2.04313633e+09 -8.31039427e+00
6.56209089e+03 2.04578587e+09 -8.31039427e+00
6.55896923e+03 2.04896532e+09 -8.31039427e+00
6.55640848e+03 2.05157638e+09 -8.31039427e+00
6.55405984e+03 2.05397383e+09 -8.31039427e+00
6.55180508e+03 2.05627800e+09 -8.30143543e+00
6.54962568e+03 2.05850718e+09 -8.30143543e+00
6.54747252e+03 2.06071169e+09 -8.30143543e+00
6.54489182e+03 2.06335710e+09 -8.30143543e+00
6.54179926e+03 2.06653159e+09 -8.30143543e+00
6.53922035e+03 2.06918309e+09 -8.30143543e+00
6.53679586e+03 2.07168078e+09 -8.29265767e+00
6.53446227e+03 2.07408716e+09 -8.29265767e+00
6.53222887e+03 2.07639257e+09 -8.29265767e+00
6.53005838e+03 2.07863529e+09 -8.29265767e+00
6.52790690e+03 2.08086060e+09 -8.29265767e+00
6.52576420e+03 2.08307918e+09 -8.29265767e+00
6.52319581e+03 2.08574148e+09 -8.28405381e+00
6.52011794e+03 2.08893624e+09 -8.28405381e+00
6.51759470e+03 2.09155814e+09 -8.28405381e+00
6.51528220e+03 2.09396370e+09 -8.28405381e+00
6.51307434e+03 2.09626616e+09 -8.28405381e+00
6.51093793e+03 2.09849598e+09 -8.28405381e+00
6.50837683e+03 2.10117178e+09 -8.28405381e+00
6.50530733e+03 2.10438273e+09 -8.28405381e+00
6.50278910e+03 2.10701965e+09 -8.28405381e+00
6.50051795e+03 2.10940050e+09 -8.28405381e+00
6.49832422e+03 2.11170269e+09 -8.26734116e+00
6.49616730e+03 2.11396856e+09 -8.26734116e+00
6.49358227e+03 2.11668759e+09 -8.26734116e+00
6.49048426e+03 2.11995044e+09 -8.26734116e+00
6.48797270e+03 2.12259981e+09 -8.26734116e+00
6.48570970e+03 2.12499071e+09 -8.26734116e+00
6.48353364e+03 2.12729181e+09 -8.26734116e+00
6.48140156e+03 2.12954838e+09 -8.26734116e+00
6.47930204e+03 2.13177244e+09 -8.26734116e+00
6.47721743e+03 2.13398264e+09 -8.26734116e+00
6.47471862e+03 2.13663487e+09 -8.26734116e+00
6.47172375e+03 2.13981756e+09 -8.25124789e+00
6.46924809e+03 2.14245087e+09 -8.25124789e+00
6.46700530e+03 2.14484181e+09 -8.25124789e+00
6.46487325e+03 2.14711706e+09 -8.25124789e+00
6.46278756e+03 2.14934485e+09 -8.24341950e+00
6.46072340e+03 2.15155155e+09 -8.24341950e+00
6.45824877e+03 2.15419960e+09 -8.24341950e+00
6.45528257e+03 2.15737725e+09 -8.24341950e+00
6.45284047e+03 2.15999565e+09 -8.24341950e+00
6.45062276e+03 2.16237550e+09 -8.23572972e+00
6.44849493e+03 2.16466047e+09 -8.23572972e+00
6.44640975e+03 2.16690256e+09 -8.23572972e+00
6.44435770e+03 2.16911161e+09 -8.23572972e+00
6.44232000e+03 2.17130708e+09 -8.23572972e+00
6.43987703e+03 2.17394164e+09 -8.23572972e+00
6.43694847e+03 2.17710312e+09 -8.23572972e+00
6.43452717e+03 2.17971887e+09 -8.23572972e+00
6.43233038e+03 2.18209388e+09 -8.23572972e+00
6.43022228e+03 2.18437480e+09 -8.23572972e+00
6.42814552e+03 2.18662356e+09 -8.22074698e+00
6.42609346e+03 2.18884720e+09 -8.22074698e+00
6.42405995e+03 2.19105519e+09 -8.22074698e+00
6.42162270e+03 2.19370476e+09 -8.22074698e+00
6.41870055e+03 2.19688426e+09 -8.22074698e+00
6.41628425e+03 2.19951492e+09 -8.22074698e+00
6.41410070e+03 2.20189371e+09 -8.22074698e+00
6.41201118e+03 2.20417123e+09 -8.22074698e+00
6.40996083e+03 2.20640760e+09 -8.22074698e+00
6.40750223e+03 2.20909124e+09 -8.22074698e+00
6.40455487e+03 2.21231161e+09 -8.22074698e+00
6.40214434e+03 2.21494748e+09 -8.20193651e+00
6.39995008e+03 2.21735131e+09 -8.20193651e+00
6.39784792e+03 2.21965557e+09 -8.20193651e+00
6.39581378e+03 2.22188631e+09 -8.20193651e+00
6.39380359e+03 2.22409200e+09 -8.20193651e+00
6.39139277e+03 2.22673882e+09 -8.20193651e+00
6.38850177e+03 2.22991500e+09 -8.20193651e+00
6.38611100e+03 2.23254293e+09 -8.20193651e+00
6.38393243e+03 2.23493896e+09 -8.20193651e+00
6.38181444e+03 2.23726934e+09 -8.20193651e+00
6.37973404e+03 2.23955962e+09 -8.20193651e+00
6.37770593e+03 2.24179386e+09 -8.20193651e+00
6.37527313e+03 2.24447495e+09 -8.18390706e+00
6.37235551e+03 2.24769225e+09 -8.18390706e+00
6.36996128e+03 2.25033440e+09 -8.18390706e+00
6.36778592e+03 2.25273975e+09 -8.18390706e+00
6.36570923e+03 2.25503674e+09 -8.18390706e+00
6.36368814e+03 2.25727307e+09 -8.17516546e+00
6.36168364e+03 2.25949159e+09 -8.17516546e+00
6.35927902e+03 2.26215382e+09 -8.17516546e+00
6.35639496e+03 2.26534849e+09 -8.17516546e+00
6.35400592e+03 2.26799620e+09 -8.17516546e+00
6.35181642e+03 2.27042432e+09 -8.16659635e+00
6.34966370e+03 2.27281318e+09 -8.16659635e+00
6.34754526e+03 2.27516527e+09 -8.16659635e+00
6.34545074e+03 2.27749208e+09 -8.16659635e+00
6.34337221e+03 2.27980225e+09 -8.16659635e+00
6.34132139e+03 2.28208262e+09 -8.15819305e+00
6.33929479e+03 2.28433684e+09 -8.15819305e+00
6.33728315e+03 2.28657535e+09 -8.15819305e+00
6.33527973e+03 2.28880664e+09 -8.15819305e+00
6.33328733e+03 2.29102866e+09 -8.15819305e+00
6.33130308e+03 2.29324195e+09 -8.14994927e+00
6.32892245e+03 2.29589790e+09 -8.14994927e+00
6.32606614e+03 2.29908504e+09 -8.14994927e+00
6.32370308e+03 2.30172204e+09 -8.14994927e+00
6.32154895e+03 2.30412633e+09 -8.14994927e+00
6.31948386e+03 2.30643188e+09 -8.14994927e+00
6.31745724e+03 2.30869529e+09 -8.14994927e+00
6.31544231e+03 2.31094681e+09 -8.13786977e+00
6.31344560e+03 2.31317914e+09 -8.13786977e+00
6.31105105e+03 2.31585794e+09 -8.13786977e+00
6.30817953e+03 2.31907249e+09 -8.13786977e+00
6.30581279e+03 2.32172321e+09 -8.13786977e+00
6.30365225e+03 2.32414413e+09 -8.13786977e+00
6.30158275e+03 2.32646394e+09 -8.12611719e+00
6.29955073e+03 2.32874256e+09 -8.12611719e+00
6.29754252e+03 2.33099805e+09 -8.12611719e+00
6.29513311e+03 2.33370463e+09 -8.12611719e+00
6.29224251e+03 2.33695253e+09 -8.12611719e+00
6.28986074e+03 2.33962881e+09 -8.12611719e+00
6.28771398e+03 2.34204158e+09 -8.11467428e+00
6.28513823e+03 2.34493689e+09 -8.11467428e+00
6.28204835e+03 2.34841128e+09 -8.11467428e+00
6.27957722e+03 2.35119078e+09 -8.11467428e+00
6.27737751e+03 2.35366623e+09 -8.11467428e+00
6.27530177e+03 2.35600366e+09 -8.11467428e+00
6.27329464e+03 2.35826493e+09 -8.10352515e+00
6.27131066e+03 2.36050120e+09 -8.10352515e+00
6.26934356e+03 2.36272165e+09 -8.10352515e+00
6.26698525e+03 2.36538619e+09 -8.10352515e+00
6.26415657e+03 2.36858364e+09 -8.10352515e+00
6.26181690e+03 2.37122916e+09 -8.10352515e+00
6.25968452e+03 2.37364122e+09 -8.09247951e+00
6.25764046e+03 2.37595423e+09 -8.09247951e+00
6.25565321e+03 2.37820344e+09 -8.09247951e+00
6.25369110e+03 2.38042490e+09 -8.09247951e+00
6.25133778e+03 2.38309066e+09 -8.09247951e+00
6.24851786e+03 2.38628957e+09 -8.08170785e+00
6.24616911e+03 2.38895645e+09 -8.08170785e+00
6.24403480e+03 2.39138157e+09 -8.08170785e+00
6.24199668e+03 2.39369897e+09 -8.08170785e+00
6.24001412e+03 2.39595442e+09 -8.08170785e+00
6.23805764e+03 2.39818156e+09 -8.08170785e+00
6.23571120e+03 2.40085413e+09 -8.08170785e+00
6.23289721e+03 2.40406122e+09 -8.08170785e+00
6.23056330e+03 2.40672213e+09 -8.08170785e+00
6.22843306e+03 2.40915314e+09 -8.08170785e+00
6.22640164e+03 2.41147346e+09 -8.08170785e+00
6.22442459e+03 2.41373241e+09 -8.06093433e+00
6.22248293e+03 2.41595194e+09 -8.06093433e+00
6.22015471e+03 2.41861538e+09 -8.06093433e+00
6.21736357e+03 2.42181150e+09 -8.06093433e+00
6.21505714e+03 2.42445414e+09 -8.06093433e+00
6.21295733e+03 2.42686219e+09 -8.06093433e+00
6.21095320e+03 2.42916208e+09 -8.04751206e+00
6.20899442e+03 2.43141136e+09 -8.04751206e+00
6.20705505e+03 2.43364022e+09 -8.04751206e+00
6.20473059e+03 2.43631484e+09 -8.04751206e+00
6.20194234e+03 2.43952439e+09 -8.04095334e+00
6.19963726e+03 2.44217813e+09 -8.04095334e+00
6.19753744e+03 2.44459630e+09 -8.04095334e+00
6.19554133e+03 2.44689538e+09 -8.03449220e+00
6.19358668e+03 2.44914701e+09 -8.03449220e+00
6.19164138e+03 2.45138817e+09 -8.03449220e+00
6.18970403e+03 2.45362081e+09 -8.03449220e+00
6.18738061e+03 2.45629997e+09 -8.03449220e+00
6.18459570e+03 2.45951497e+09 -8.03449220e+00
6.18229633e+03 2.46217321e+09 -8.02185134e+00
6.18020235e+03 2.46459548e+09 -8.02185134e+00
6.17821246e+03 2.46689846e+09 -8.02185134e+00
6.17582575e+03 2.46966204e+09 -8.02185134e+00
6.17296238e+03 2.47297834e+09 -8.02185134e+00
6.17062061e+03 2.47569082e+09 -8.00956803e+00
6.16849568e+03 2.47815243e+09 -8.00956803e+00
6.16647337e+03 2.48049521e+09 -8.00956803e+00
6.16450286e+03 2.48277805e+09 -8.00956803e+00
6.16255797e+03 2.48503116e+09 -8.00956803e+00
6.16063652e+03 2.48725851e+09 -8.00956803e+00
6.15872902e+03 2.48947032e+09 -7.99762260e+00
6.15643951e+03 2.49212448e+09 -7.99762260e+00
6.15369138e+03 2.49530948e+09 -7.99762260e+00
6.15140140e+03 2.49796292e+09 -7.99762260e+00
6.14931157e+03 2.50038462e+09 -7.99762260e+00
6.14730772e+03 2.50270737e+09 -7.98599696e+00
6.14533207e+03 2.50499811e+09 -7.98599696e+00
6.14337934e+03 2.50726310e+09 -7.98599696e+00
6.14144126e+03 2.50951217e+09 -7.98599696e+00
6.13951019e+03 2.51175402e+09 -7.98599696e+00
6.13719452e+03 2.51444425e+09 -7.98599696e+00
6.13432791e+03 2.51767253e+09 -7.97467443e+00
6.13201848e+03 2.52035102e+09 -7.97467443e+00
6.12991477e+03 2.52279810e+09 -7.97467443e+00
6.12791908e+03 2.52512315e+09 -7.97467443e+00
6.12598388e+03 2.52737901e+09 -7.97467443e+00
6.12366222e+03 2.53008604e+09 -7.96363960e+00
6.12087569e+03 2.53333447e+09 -7.96363960e+00
6.11857087e+03 2.53602035e+09 -7.96363960e+00
6.11647906e+03 2.53845780e+09 -7.96363960e+00
6.11448693e+03 2.54077864e+09 -7.95287822e+00
6.11253693e+03 2.54305014e+09 -7.95287822e+00
6.11060652e+03 2.54530059e+09 -7.95287822e+00
6.10868133e+03 2.54754509e+09 -7.95287822e+00
6.10637109e+03 2.55023848e+09 -7.95287822e+00
6.10359824e+03 2.55347056e+09 -7.94237706e+00
6.10128142e+03 2.55617016e+09 -7.94237706e+00
6.09914522e+03 2.55865891e+09 -7.94237706e+00
6.09711977e+03 2.56101823e+09 -7.94237706e+00
6.09516209e+03 2.56329804e+09 -7.93212383e+00
6.09281258e+03 2.56603381e+09 -7.93212383e+00
6.08999310e+03 2.56931674e+09 -7.93212383e+00
6.08767947e+03 2.57201101e+09 -7.93212383e+00
6.08556681e+03 2.57447251e+09 -7.92210710e+00
6.08353566e+03 2.57684267e+09 -7.92210710e+00
6.08155422e+03 2.57915576e+09 -7.92210710e+00
6.07960949e+03 2.58142711e+09 -7.92210710e+00
6.07768550e+03 2.58367535e+09 -7.91231620e+00
6.07537777e+03 2.58637324e+09 -7.91231620e+00
6.07260937e+03 2.58961071e+09 -7.91231620e+00
6.07031914e+03 2.59228934e+09 -7.90274117e+00
6.06823994e+03 2.59472143e+09 -7.90274117e+00
6.06626149e+03 2.59703584e+09 -7.90274117e+00
6.06432440e+03 2.59930198e+09 -7.90274117e+00
6.06240583e+03 2.60154666e+09 -7.90274117e+00
6.06050158e+03 2.60377457e+09 -7.90274117e+00
6.05821657e+03 2.60644807e+09 -7.90274117e+00
6.05547764e+03 2.60965626e+09 -7.90274117e+00
6.05321083e+03 2.61231068e+09 -7.88420206e+00
6.05115245e+03 2.61472079e+09 -7.88420206e+00
6.04918445e+03 2.61702472e+09 -7.88420206e+00
6.04725067e+03 2.61928830e+09 -7.88420206e+00
6.04533669e+03 2.62152854e+09 -7.88420206e+00
6.04343631e+03 2.62375252e+09 -7.88420206e+00
6.04115565e+03 2.62642130e+09 -7.88420206e+00
6.03841880e+03 2.62962383e+09 -7.86642206e+00
6.03614602e+03 2.63228263e+09 -7.86642206e+00
6.03407712e+03 2.63470293e+09 -7.86642206e+00
6.03209146e+03 2.63702584e+09 -7.86642206e+00
6.03014259e+03 2.63930539e+09 -7.86642206e+00
6.02780626e+03 2.64204085e+09 -7.86642206e+00
6.02500393e+03 2.64532340e+09 -7.84934142e+00
6.02270256e+03 2.64801913e+09 -7.84934142e+00
6.02061667e+03 2.65046306e+09 -7.84934142e+00
6.01862263e+03 2.65280020e+09 -7.84934142e+00
6.01666433e+03 2.65509620e+09 -7.84934142e+00
6.01472692e+03 2.65736858e+09 -7.84934142e+00
6.01280394e+03 2.65962445e+09 -7.83290722e+00
6.01088715e+03 2.66187321e+09 -7.83290722e+00
6.00858783e+03 2.66457174e+09 -7.83290722e+00
6.00582902e+03 2.66780996e+09 -7.82491759e+00
6.00356331e+03 2.67046929e+09 -7.82491759e+00
6.00148327e+03 2.67291106e+09 -7.81707230e+00
5.99946596e+03 2.67527945e+09 -7.81707230e+00
5.99750258e+03 2.67758659e+09 -7.81707230e+00
5.99556462e+03 2.67986427e+09 -7.80936622e+00
5.99362991e+03 2.68213793e+09 -7.80936622e+00
5.99130850e+03 2.68486634e+09 -7.80936622e+00
5.98852260e+03 2.68814042e+09 -7.80179449e+00
5.98623416e+03 2.69082919e+09 -7.80179449e+00
5.98414210e+03 2.69328738e+09 -7.80179449e+00
5.98213791e+03 2.69564230e+09 -7.80179449e+00
5.98020638e+03 2.69791189e+09 -7.80179449e+00
5.97788846e+03 2.70063541e+09 -7.78697447e+00
5.97510760e+03 2.70390363e+09 -7.78697447e+00
5.97281821e+03 2.70659665e+09 -7.78697447e+00
5.97073855e+03 2.70904432e+09 -7.78697447e+00
5.96876124e+03 2.71137295e+09 -7.77264353e+00
5.96682614e+03 2.71365316e+09 -7.77264353e+00
5.96490058e+03 2.71592284e+09 -7.77264353e+00
5.96299233e+03 2.71817282e+09 -7.77264353e+00
5.96109926e+03 2.72040555e+09 -7.77264353e+00
5.95921277e+03 2.72263147e+09 -7.75877041e+00
5.95695138e+03 2.72530258e+09 -7.75877041e+00
5.95423796e+03 2.72850792e+09 -7.75877041e+00
5.95197580e+03 2.73118015e+09 -7.75877041e+00
5.94991925e+03 2.73361014e+09 -7.74532678e+00
5.94795422e+03 2.73593220e+09 -7.74532678e+00
5.94602357e+03 2.73821380e+09 -7.74532678e+00
5.94370684e+03 2.74095172e+09 -7.74532678e+00
5.94092713e+03 2.74423722e+09 -7.74532678e+00
5.93861354e+03 2.74697154e+09 -7.73223267e+00
5.93649518e+03 2.74947518e+09 -7.73223267e+00
5.93447383e+03 2.75186476e+09 -7.73223267e+00
5.93249912e+03 2.75420194e+09 -7.73223267e+00
5.93012951e+03 2.75700656e+09 -7.71952181e+00
5.92728630e+03 2.76037210e+09 -7.71952181e+00
5.92497153e+03 2.76311253e+09 -7.71952181e+00
5.92287961e+03 2.76559047e+09 -7.70717243e+00
5.92089502e+03 2.76794251e+09 -7.70717243e+00
5.91896107e+03 2.77023550e+09 -7.70717243e+00
5.91706259e+03 2.77248771e+09 -7.70717243e+00
5.91478574e+03 2.77519036e+09 -7.69516451e+00
5.91205444e+03 2.77843354e+09 -7.69516451e+00
5.90979485e+03 2.78111690e+09 -7.69516451e+00
5.90774411e+03 2.78355329e+09 -7.68347970e+00
5.90578399e+03 2.78588234e+09 -7.68347970e+00
5.90386804e+03 2.78815963e+09 -7.68347970e+00
5.90156986e+03 2.79089237e+09 -7.68347970e+00
5.89881431e+03 2.79417166e+09 -7.67210104e+00
5.89655259e+03 2.79686471e+09 -7.67210104e+00
5.89451128e+03 2.79929623e+09 -7.67210104e+00
5.89253749e+03 2.80164742e+09 -7.66101292e+00
5.89058590e+03 2.80397245e+09 -7.66101292e+00
5.88866734e+03 2.80625877e+09 -7.66101292e+00
5.88676964e+03 2.80852103e+09 -7.65020086e+00
5.88449312e+03 2.81123573e+09 -7.65020086e+00
5.88176268e+03 2.81449337e+09 -7.65020086e+00
5.87952125e+03 2.81716864e+09 -7.63965144e+00
5.87744626e+03 2.81964689e+09 -7.63965144e+00
5.87541263e+03 2.82207810e+09 -7.63965144e+00
5.87344799e+03 2.82442923e+09 -7.62935222e+00
5.87153574e+03 2.82672206e+09 -7.62935222e+00
5.86964238e+03 2.82899548e+09 -7.62935222e+00
5.86776553e+03 2.83125135e+09 -7.61929159e+00
5.86589682e+03 2.83350038e+09 -7.61929159e+00
5.86403777e+03 2.83573994e+09 -7.61929159e+00
5.86180993e+03 2.83842742e+09 -7.60945875e+00
5.85913931e+03 2.84165239e+09 -7.60945875e+00
5.85690343e+03 2.84435481e+09 -7.60945875e+00
5.85488116e+03 2.84680072e+09 -7.59984362e+00
5.85295855e+03 2.84913013e+09 -7.59984362e+00
5.85108770e+03 2.85139955e+09 -7.59043676e+00
5.84884408e+03 2.85412287e+09 -7.59043676e+00
5.84615378e+03 2.85739084e+09 -7.59043676e+00
5.84392881e+03 2.86009472e+09 -7.59043676e+00
5.84191868e+03 2.86253970e+09 -7.59043676e+00
5.84000551e+03 2.86486979e+09 -7.57221309e+00
5.83813528e+03 2.86714985e+09 -7.57221309e+00
5.83589446e+03 2.86988592e+09 -7.57221309e+00
5.83321035e+03 2.87316920e+09 -7.57221309e+00
5.83099182e+03 2.87588788e+09 -7.57221309e+00
5.82899556e+03 2.87833749e+09 -7.55472341e+00
5.82710187e+03 2.88066349e+09 -7.55472341e+00
5.82483312e+03 2.88345469e+09 -7.55472341e+00
5.82211529e+03 2.88680412e+09 -7.55472341e+00
5.81990157e+03 2.88953461e+09 -7.53791089e+00
5.81791522e+03 2.89198637e+09 -7.53791089e+00
5.81553425e+03 2.89492849e+09 -7.53791089e+00
5.81268260e+03 2.89845902e+09 -7.53791089e+00
5.81040473e+03 2.90128345e+09 -7.52172503e+00
5.80838683e+03 2.90378894e+09 -7.52172503e+00
5.80647264e+03 2.90616907e+09 -7.52172503e+00
5.80459219e+03 2.90851118e+09 -7.52172503e+00
5.80233985e+03 2.91132172e+09 -7.50612080e+00
5.79964160e+03 2.91469436e+09 -7.50612080e+00
5.79745140e+03 2.91743476e+09 -7.50612080e+00
5.79545202e+03 2.91994104e+09 -7.49105783e+00
5.79353061e+03 2.92235218e+09 -7.49105783e+00
5.79167383e+03 2.92468428e+09 -7.49105783e+00
5.78985712e+03 2.92696843e+09 -7.49105783e+00
5.78806059e+03 2.92923099e+09 -7.49105783e+00
5.78590843e+03 2.93194608e+09 -7.47649984e+00
5.78333207e+03 2.93520418e+09 -7.47649984e+00
5.78121015e+03 2.93789080e+09 -7.47649984e+00
5.77929086e+03 2.94032399e+09 -7.46241407e+00
5.77699069e+03 2.94324382e+09 -7.46241407e+00
5.77423510e+03 2.94674762e+09 -7.46241407e+00
5.77203443e+03 2.94955065e+09 -7.44877083e+00
5.77007896e+03 2.95204504e+09 -7.44877083e+00
5.76818975e+03 2.95445830e+09 -7.44877083e+00
5.76632586e+03 2.95684483e+09 -7.43554316e+00
5.76452134e+03 2.95915841e+09 -7.43554316e+00
5.76273996e+03 2.96144522e+09 -7.43554316e+00
5.76096462e+03 2.96372731e+09 -7.43554316e+00
5.75920832e+03 2.96598813e+09 -7.42270651e+00
5.75746656e+03 2.96823198e+09 -7.42270651e+00
5.75537827e+03 2.97092460e+09 -7.42270651e+00
5.75287694e+03 2.97415575e+09 -7.42270651e+00
5.75080225e+03 2.97683830e+09 -7.41023840e+00
5.74890792e+03 2.97929042e+09 -7.41023840e+00
5.74709625e+03 2.98164033e+09 -7.39811828e+00
5.74492704e+03 2.98446022e+09 -7.39811828e+00
5.74233104e+03 2.98784409e+09 -7.39811828e+00
5.74023346e+03 2.99058273e+09 -7.38632723e+00
5.73834720e+03 2.99304811e+09 -7.38632723e+00
5.73655030e+03 2.99540026e+09 -7.38632723e+00
5.73479539e+03 2.99770126e+09 -7.37484787e+00
5.73305828e+03 2.99998122e+09 -7.37484787e+00
5.73133625e+03 3.00224396e+09 -7.37484787e+00
5.72927405e+03 3.00495924e+09 -7.36366413e+00
5.72680236e+03 3.00821759e+09 -7.36366413e+00
5.72475971e+03 3.01091349e+09 -7.36366413e+00
5.72290734e+03 3.01336127e+09 -7.35276118e+00
5.72113798e+03 3.01570122e+09 -7.35276118e+00
5.71940205e+03 3.01800018e+09 -7.35276118e+00
5.71732145e+03 3.02075893e+09 -7.34212526e+00
5.71482819e+03 3.02406943e+09 -7.34212526e+00
5.71277839e+03 3.02679564e+09 -7.33174359e+00
5.71091132e+03 3.02928233e+09 -7.33174359e+00
5.70914851e+03 3.03163545e+09 -7.33174359e+00
5.70703749e+03 3.03445920e+09 -7.32160432e+00
5.70450958e+03 3.03784769e+09 -7.32160432e+00
5.70246110e+03 3.04060096e+09 -7.31169637e+00
5.70061328e+03 3.04308722e+09 -7.31169637e+00
5.69885528e+03 3.04545639e+09 -7.30200942e+00
5.69713557e+03 3.04777536e+09 -7.30200942e+00
5.69543362e+03 3.05007258e+09 -7.30200942e+00
5.69374630e+03 3.05235258e+09 -7.29253384e+00
5.69206496e+03 3.05462554e+09 -7.29253384e+00
5.69039350e+03 3.05688897e+09 -7.29253384e+00
5.68873039e+03 3.05914353e+09 -7.28326059e+00
5.68673684e+03 3.06184901e+09 -7.28326059e+00
5.68434854e+03 3.06509558e+09 -7.28326059e+00
5.68235442e+03 3.06781159e+09 -7.28326059e+00
5.68054927e+03 3.07027771e+09 -7.26528778e+00
5.67881675e+03 3.07264757e+09 -7.26528778e+00
5.67711088e+03 3.07498345e+09 -7.26528778e+00
5.67544162e+03 3.07727128e+09 -7.26528778e+00
5.67379057e+03 3.07953750e+09 -7.26528778e+00
5.67181446e+03 3.08225697e+09 -7.24802929e+00
5.66944529e+03 3.08552034e+09 -7.24802929e+00
5.66744953e+03 3.08827164e+09 -7.23965060e+00
5.66564387e+03 3.09076369e+09 -7.23965060e+00
5.66393277e+03 3.09312810e+09 -7.23143050e+00
5.66225837e+03 3.09544430e+09 -7.23143050e+00
5.66061055e+03 3.09772730e+09 -7.22336310e+00
5.65863597e+03 3.10046691e+09 -7.22336310e+00
5.65627292e+03 3.10375443e+09 -7.21544284e+00
5.65430394e+03 3.10649518e+09 -7.21544284e+00
5.65252372e+03 3.10897730e+09 -7.21544284e+00
5.65082366e+03 3.11135285e+09 -7.21544284e+00
5.64914899e+03 3.11369694e+09 -7.20002289e+00
5.64714461e+03 3.11650984e+09 -7.20002289e+00
5.64474529e+03 3.11988533e+09 -7.19251348e+00
5.64187225e+03 3.12393591e+09 -7.19251348e+00
5.63951578e+03 3.12727117e+09 -7.19251348e+00
5.63741358e+03 3.13025103e+09 -7.17787332e+00
5.63540053e+03 3.13311264e+09 -7.17787332e+00
5.63298424e+03 3.13654658e+09 -7.17787332e+00
5.63009578e+03 3.14066730e+09 -7.16371064e+00
5.62663631e+03 3.14561216e+09 -7.15679881e+00
5.62456655e+03 3.14857908e+09 -7.15679881e+00
5.62253203e+03 3.15150382e+09 -7.14329665e+00
5.62054090e+03 3.15436857e+09 -7.14329665e+00
5.61815550e+03 3.15780627e+09 -7.14329665e+00
5.61530615e+03 3.16193152e+09 -7.14329665e+00
5.61286668e+03 3.16547551e+09 -7.12379930e+00
5.61063362e+03 3.16872630e+09 -7.12379930e+00
5.60851201e+03 3.17182386e+09 -7.11127097e+00
5.60648899e+03 3.17478685e+09 -7.10513978e+00
5.60406518e+03 3.17834245e+09 -7.10513978e+00
5.60117273e+03 3.18260917e+09 -7.10513978e+00
5.59881598e+03 3.18609301e+09 -7.09313113e+00
5.59668166e+03 3.18925139e+09 -7.08433764e+00
5.59466807e+03 3.19224381e+09 -7.08433764e+00
5.59275114e+03 3.19509800e+09 -7.07571867e+00
5.59087132e+03 3.19790376e+09 -7.07147250e+00
5.58900785e+03 3.20069386e+09 -7.06726743e+00
5.58718339e+03 3.20343418e+09 -7.06310270e+00
5.58500259e+03 3.20672257e+09 -7.05590915e+00
5.58239610e+03 3.21066863e+09 -7.04950181e+00
5.58004807e+03 3.21423126e+09 -7.04550323e+00
5.57780705e+03 3.21764047e+09 -7.03957356e+00
5.57579148e+03 3.22071369e+09 -7.03501693e+00
5.57400100e+03 3.22344865e+09 -7.02986722e+00
5.57233829e+03 3.22599189e+09 -7.02477786e+00
5.57034630e+03 3.22904377e+09 -7.02225538e+00
5.56796146e+03 3.23270604e+09 -7.01725394e+00
5.56602211e+03 3.23569154e+09 -7.01230944e+00
5.56429177e+03 3.23836168e+09 -7.00742060e+00
5.56267710e+03 3.24085935e+09 -7.00258618e+00
5.56116303e+03 3.24320750e+09 -6.99780499e+00
5.55935185e+03 3.24602528e+09 -6.99425332e+00
5.55718434e+03 3.24940662e+09 -6.99073047e+00
5.55545535e+03 3.25211170e+09 -6.98549919e+00
5.55400516e+03 3.25438948e+09 -6.98204636e+00
5.55226961e+03 3.25712282e+09 -6.97776856e+00
5.55019296e+03 3.26040284e+09 -6.97353250e+00
5.54853653e+03 3.26302684e+09 -6.96794792e+00
5.54719364e+03 3.26515644e+09 -6.96573404e+00
5.54558667e+03 3.26771196e+09 -6.96133986e+00
5.54366235e+03 3.27077859e+09 -6.95807316e+00
5.54211758e+03 3.27324742e+09 -6.95375543e+00
5.54077084e+03 3.27540466e+09 -6.94948021e+00
5.53962475e+03 3.27724521e+09 -6.94630118e+00
5.53862515e+03 3.27885340e+09 -6.94419469e+00
5.53772360e+03 3.28030708e+09 -6.94209836e+00
5.53696527e+03 3.28153179e+09 -6.94001210e+00
5.53633277e+03 3.28255483e+09 -6.93793582e+00
5.53571298e+03 3.28341372e+09 -6.93586942e+00
5.53526792e+03 3.28412644e+09 -6.93432604e+00
5.53519733e+03 3.28424881e+09 -6.93432604e+00
5.53521119e+03 3.28427940e+09 -6.93330016e+00
5.53520196e+03 3.28431000e+09 -6.93368458e+00
5.53521397e+03 3.28432237e+09 -6.93278813e+00
5.53521402e+03 3.28433435e+09 -6.93330016e+00
5.53520796e+03 3.28434873e+09 -6.93253234e+00
5.53519453e+03 3.28436599e+09 -6.93304407e+00
5.53517768e+03 3.28438669e+09 -6.93227670e+00
5.53515462e+03 3.28441154e+09 -6.93285210e+00
5.53512686e+03 3.28444136e+09 -6.93202121e+00
5.53509203e+03 3.28447714e+09 -6.93267620e+00
5.53508861e+03 3.28449861e+09 -6.93189352e+00
5.53506946e+03 3.28452437e+09 -6.93258029e+00
5.53506067e+03 3.28454508e+09 -6.93176587e+00
5.53504108e+03 3.28456994e+09 -6.93246842e+00
5.53504217e+03 3.28458485e+09 -6.93157447e+00
5.53503730e+03 3.28459927e+09 -6.93232462e+00
5.53503461e+03 3.28461152e+09 -6.93154258e+00
5.53504224e+03 3.28461704e+09 -6.93216491e+00
5.53504403e+03 3.28462284e+09 -6.93154258e+00
5.53504521e+03 3.28462793e+09 -6.93216491e+00
5.53504626e+03 3.28463238e+09 -6.93151069e+00
5.53504405e+03 3.28463771e+09 -6.93216491e+00
5.53503920e+03 3.28464411e+09 -6.93141503e+00
5.53503243e+03 3.28465178e+09 -6.93189352e+00
5.53502363e+03 3.28466100e+09 -6.93131939e+00
5.53502011e+03 3.28466863e+09 -6.93189352e+00
5.53501235e+03 3.28467780e+09 -6.93119191e+00
5.53500145e+03 3.28468880e+09 -6.93170206e+00
5.53498707e+03 3.28470199e+09 -6.93189352e+00
5.53498111e+03 3.28471321e+09 -6.93100076e+00
5.53496733e+03 3.28472668e+09 -6.93159839e+00
5.53495055e+03 3.28474284e+09 -6.93093706e+00
5.53492976e+03 3.28476223e+09 -6.93159839e+00
5.53490571e+03 3.28478550e+09 -6.93087337e+00
5.53491325e+03 3.28479481e+09 -6.93159839e+00
5.53491291e+03 3.28480428e+09 -6.93090521e+00
5.53491299e+03 3.28481207e+09 -6.93159839e+00
5.53491993e+03 3.28481538e+09 -6.93088929e+00
5.53492560e+03 3.28481620e+09 -6.93143894e+00
5.53492978e+03 3.28481719e+09 -6.93100076e+00
5.53493277e+03 3.28481837e+09 -6.93149474e+00
5.53493465e+03 3.28481979e+09 -6.93112818e+00
5.53493549e+03 3.28482149e+09 -6.93149474e+00
5.53493530e+03 3.28482354e+09 -6.93112818e+00
5.53493406e+03 3.28482599e+09 -6.93132338e+00
5.53493205e+03 3.28482894e+09 -6.93093706e+00
5.53492843e+03 3.28483247e+09 -6.93132338e+00
5.53492410e+03 3.28483671e+09 -6.93093706e+00
5.53491826e+03 3.28484179e+09 -6.93132338e+00
5.53491185e+03 3.28484790e+09 -6.93082561e+00
5.53490404e+03 3.28485522e+09 -6.93122577e+00
5.53489409e+03 3.28486401e+09 -6.93069827e+00
5.53488203e+03 3.28487456e+09 -6.93112818e+00
5.53486741e+03 3.28488722e+09 -6.93054313e+00
5.53484992e+03 3.28490241e+09 -6.93112818e+00
5.53484960e+03 3.28491152e+09 -6.93122577e+00
5.53484507e+03 3.28492136e+09 -6.93054313e+00
5.53484190e+03 3.28492981e+09 -6.93109234e+00
5.53483998e+03 3.28493716e+09 -6.93046558e+00
5.53484333e+03 3.28494156e+09 -6.93105650e+00
5.53484165e+03 3.28494685e+09 -6.93050435e+00
5.53483696e+03 3.28495320e+09 -6.93098483e+00
5.53482970e+03 3.28496081e+09 -6.93042681e+00
5.53481985e+03 3.28496995e+09 -6.93098483e+00
5.53480792e+03 3.28498091e+09 -6.93032742e+00
5.53479309e+03 3.28499407e+09 -6.93098483e+00
5.53477605e+03 3.28500986e+09 -6.93025922e+00
5.53478790e+03 3.28501302e+09 -6.93098483e+00
5.53479309e+03 3.28501667e+09 -6.93030468e+00
5.53479354e+03 3.28502106e+09 -6.93098483e+00
5.53479095e+03 3.28502633e+09 -6.93033984e+00
5.53478571e+03 3.28503264e+09 -6.93082163e+00
5.53477765e+03 3.28504022e+09 -6.93105650e+00
5.53476823e+03 3.28504932e+09 -6.93023081e+00
5.53475659e+03 3.28506023e+09 -6.93077338e+00
5.53474196e+03 3.28507333e+09 -6.93017588e+00
5.53472412e+03 3.28508905e+09 -6.93082163e+00
5.53470325e+03 3.28510791e+09 -6.93105650e+00
5.53467990e+03 3.28513055e+09 -6.93006606e+00
5.53467936e+03 3.28514413e+09 -6.93093905e+00
5.53466850e+03 3.28516043e+09 -6.93009351e+00
5.53467737e+03 3.28516695e+09 -6.93105650e+00
5.53468021e+03 3.28517313e+09 -6.93014842e+00
5.53467745e+03 3.28518055e+09 -6.93084252e+00
5.53467115e+03 3.28518945e+09 -6.93016914e+00
5.53466146e+03 3.28520013e+09 -6.93084252e+00
5.53464930e+03 3.28521295e+09 -6.93009351e+00
5.53465127e+03 3.28522064e+09 -6.93084252e+00
5.53465651e+03 3.28522525e+09 -6.93007613e+00
5.53465817e+03 3.28522975e+09 -6.93084252e+00
5.53465631e+03 3.28523514e+09 -6.93009351e+00
5.53465150e+03 3.28524162e+09 -6.93084252e+00
5.53464437e+03 3.28524939e+09 -6.93001111e+00
5.53464648e+03 3.28525405e+09 -6.93052741e+00
5.53464401e+03 3.28525965e+09 -6.93000095e+00
5.53464667e+03 3.28526300e+09 -6.93052741e+00
5.53464589e+03 3.28526703e+09 -6.93000095e+00
5.53464862e+03 3.28526945e+09 -6.93052741e+00
5.53464856e+03 3.28527235e+09 -6.93000095e+00
5.53464662e+03 3.28527583e+09 -6.93052741e+00
5.53464313e+03 3.28528000e+09 -6.92995186e+00
5.53463800e+03 3.28528502e+09 -6.93052741e+00
5.53463121e+03 3.28529103e+09 -6.92985181e+00
5.53462290e+03 3.28529825e+09 -6.93028182e+00
5.53461296e+03 3.28530691e+09 -6.92976322e+00
5.53460081e+03 3.28531730e+09 -6.93028182e+00
5.53458589e+03 3.28532977e+09 -6.93052741e+00
5.53456895e+03 3.28534473e+09 -6.92967375e+00
5.53454838e+03 3.28536269e+09 -6.93040460e+00
5.53452468e+03 3.28538424e+09 -6.92962856e+00
5.53453626e+03 3.28539070e+09 -6.93040460e+00
5.53453747e+03 3.28539846e+09 -6.92967375e+00
5.53453195e+03 3.28540777e+09 -6.93052741e+00
5.53452268e+03 3.28541894e+09 -6.92969634e+00
5.53451688e+03 3.28542922e+09 -6.93052741e+00
5.53451392e+03 3.28543830e+09 -6.92965680e+00
5.53452090e+03 3.28544207e+09 -6.93032989e+00
5.53452402e+03 3.28544575e+09 -6.92968504e+00
5.53452341e+03 3.28545018e+09 -6.93032989e+00
5.53452023e+03 3.28545548e+09 -6.92970470e+00
5.53451437e+03 3.28546185e+09 -6.93032989e+00
5.53450686e+03 3.28546949e+09 -6.92964833e+00
5.53451293e+03 3.28547179e+09 -6.93032989e+00
5.53451560e+03 3.28547454e+09 -6.92964833e+00
5.53451547e+03 3.28547784e+09 -6.93032989e+00
5.53451588e+03 3.28548077e+09 -6.92964833e+00
5.53451403e+03 3.28548428e+09 -6.93004891e+00
5.53451062e+03 3.28548850e+09 -6.92961585e+00
5.53450530e+03 3.28549356e+09 -6.93004891e+00
5.53449877e+03 3.28549963e+09 -6.92952167e+00
5.53449040e+03 3.28550692e+09 -6.93004891e+00
5.53448026e+03 3.28551567e+09 -6.92946040e+00
5.53446812e+03 3.28552616e+09 -6.93004891e+00
5.53446873e+03 3.28553246e+09 -6.93032989e+00
5.53446899e+03 3.28553807e+09 -6.92939913e+00
5.53446427e+03 3.28554481e+09 -6.92990876e+00
5.53445634e+03 3.28555289e+09 -6.92935047e+00
5.53445768e+03 3.28555774e+09 -6.92997883e+00
5.53445461e+03 3.28556356e+09 -6.92936264e+00
5.53444830e+03 3.28557054e+09 -6.92997883e+00
5.53445343e+03 3.28557305e+09 -6.92930181e+00
5.53445596e+03 3.28557557e+09 -6.92997883e+00
5.53445722e+03 3.28557808e+09 -6.92936264e+00
5.53445775e+03 3.28558059e+09 -6.92976865e+00
5.53445773e+03 3.28558311e+09 -6.92939462e+00
5.53445584e+03 3.28558612e+09 -6.92976865e+00
5.53445248e+03 3.28558974e+09 -6.92939462e+00
5.53444750e+03 3.28559409e+09 -6.92976865e+00
5.53444152e+03 3.28559930e+09 -6.92930181e+00
5.53443369e+03 3.28560556e+09 -6.92976865e+00
5.53442424e+03 3.28561306e+09 -6.92997883e+00
5.53441350e+03 3.28562207e+09 -6.92912720e+00
5.53440018e+03 3.28563288e+09 -6.92970500e+00
5.53438468e+03 3.28564585e+09 -6.92908854e+00
5.53436635e+03 3.28566141e+09 -6.92970500e+00
5.53435951e+03 3.28567386e+09 -6.92904989e+00
5.53436735e+03 3.28567885e+09 -6.92976865e+00
5.53437034e+03 3.28568358e+09 -6.92912720e+00
5.53436854e+03 3.28568927e+09 -6.92987372e+00
5.53436342e+03 3.28569609e+09 -6.92916586e+00
5.53435529e+03 3.28570427e+09 -6.92969388e+00
5.53436137e+03 3.28570722e+09 -6.92909337e+00
5.53436432e+03 3.28571017e+09 -6.92969388e+00
5.53436550e+03 3.28571311e+09 -6.92913686e+00
5.53436581e+03 3.28571606e+09 -6.92969388e+00
5.53436558e+03 3.28571901e+09 -6.92920452e+00
5.53436337e+03 3.28572254e+09 -6.92969388e+00
5.53435950e+03 3.28572679e+09 -6.92913686e+00
5.53435377e+03 3.28573188e+09 -6.92969388e+00
5.53434689e+03 3.28573799e+09 -6.92907888e+00
5.53433838e+03 3.28574532e+09 -6.92956250e+00
5.53432853e+03 3.28575412e+09 -6.92895327e+00
5.53431611e+03 3.28576468e+09 -6.92956250e+00
5.53431008e+03 3.28577363e+09 -6.92969388e+00
5.53430050e+03 3.28578437e+09 -6.92895327e+00
5.53428637e+03 3.28579726e+09 -6.92949316e+00
5.53428123e+03 3.28580758e+09 -6.92888717e+00
5.53426987e+03 3.28581995e+09 -6.92962819e+00
5.53425447e+03 3.28583480e+09 -6.92888717e+00
5.53423557e+03 3.28585263e+09 -6.92962819e+00
5.53423591e+03 3.28586332e+09 -6.92981771e+00
5.53423641e+03 3.28587248e+09 -6.92892022e+00
5.53423653e+03 3.28588010e+09 -6.92962819e+00
5.53423706e+03 3.28588647e+09 -6.92893573e+00
5.53423332e+03 3.28589412e+09 -6.92962819e+00
5.53423585e+03 3.28589871e+09 -6.92891971e+00
5.53423732e+03 3.28590307e+09 -6.92962819e+00
5.53423428e+03 3.28590830e+09 -6.92893573e+00
5.53422937e+03 3.28591458e+09 -6.92962819e+00
5.53422253e+03 3.28592212e+09 -6.92888782e+00
5.53423014e+03 3.28592363e+09 -6.92947701e+00
5.53423402e+03 3.28592543e+09 -6.92890377e+00
5.53423562e+03 3.28592758e+09 -6.92947701e+00
5.53423579e+03 3.28593017e+09 -6.92893573e+00
5.53423393e+03 3.28593328e+09 -6.92947701e+00
5.53423105e+03 3.28593701e+09 -6.92888782e+00
5.53422647e+03 3.28594148e+09 -6.92947701e+00
5.53422072e+03 3.28594685e+09 -6.92879186e+00
5.53421341e+03 3.28595330e+09 -6.92925127e+00
5.53420446e+03 3.28596103e+09 -6.92870344e+00
5.53419283e+03 3.28597030e+09 -6.92925127e+00
5.53418048e+03 3.28598144e+09 -6.92866094e+00
5.53416498e+03 3.28599480e+09 -6.92925127e+00
5.53414727e+03 3.28601083e+09 -6.92857596e+00
5.53412538e+03 3.28603007e+09 -6.92962819e+00
5.53410103e+03 3.28605315e+09 -6.92857596e+00
5.53410070e+03 3.28606701e+09 -6.92943969e+00
5.53409701e+03 3.28607960e+09 -6.92962819e+00
5.53409455e+03 3.28609073e+09 -6.92869898e+00
5.53408453e+03 3.28610410e+09 -6.92936866e+00
5.53407085e+03 3.28612014e+09 -6.92866137e+00
5.53405285e+03 3.28613939e+09 -6.92936866e+00
5.53405500e+03 3.28615094e+09 -6.92862665e+00
5.53406437e+03 3.28615595e+09 -6.92936866e+00
5.53406849e+03 3.28616083e+09 -6.92866137e+00
5.53407089e+03 3.28616518e+09 -6.92933558e+00
5.53407209e+03 3.28616929e+09 -6.92869898e+00
5.53407023e+03 3.28617421e+09 -6.92933558e+00
5.53406583e+03 3.28618012e+09 -6.92869898e+00
5.53405954e+03 3.28618721e+09 -6.92933558e+00
5.53405123e+03 3.28619572e+09 -6.92859194e+00
5.53404090e+03 3.28620593e+09 -6.92919436e+00
5.53402855e+03 3.28621819e+09 -6.92848101e+00
5.53401295e+03 3.28623289e+09 -6.92919436e+00
5.53399435e+03 3.28625054e+09 -6.92936411e+00
5.53397293e+03 3.28627171e+09 -6.92838630e+00
5.53397243e+03 3.28628442e+09 -6.92919436e+00
5.53397832e+03 3.28629204e+09 -6.92840998e+00
5.53398605e+03 3.28629592e+09 -6.92919436e+00
5.53398982e+03 3.28629974e+09 -6.92849690e+00
5.53398944e+03 3.28630433e+09 -6.92919436e+00
5.53398641e+03 3.28630983e+09 -6.92854592e+00
5.53398931e+03 3.28631313e+09 -6.92900077e+00
5.53398866e+03 3.28631709e+09 -6.92851152e+00
5.53398557e+03 3.28632184e+09 -6.92900077e+00
5.53398060e+03 3.28632754e+09 -6.92845539e+00
5.53397370e+03 3.28633439e+09 -6.92900077e+00
5.53396544e+03 3.28634260e+09 -6.92833901e+00
5.53395484e+03 3.28635245e+09 -6.92885680e+00
5.53395098e+03 3.28636071e+09 -6.92824444e+00
5.53394214e+03 3.28637062e+09 -6.92885680e+00
5.53392990e+03 3.28638252e+09 -6.92819716e+00
5.53391441e+03 3.28639679e+09 -6.92885680e+00
5.53389518e+03 3.28641391e+09 -6.92900077e+00
5.53387355e+03 3.28643446e+09 -6.92812584e+00
5.53388516e+03 3.28644063e+09 -6.92892878e+00
5.53388680e+03 3.28644802e+09 -6.92816150e+00
5.53388203e+03 3.28645690e+09 -6.92900077e+00
5.53388942e+03 3.28646010e+09 -6.92817041e+00
5.53389321e+03 3.28646329e+09 -6.92881421e+00
5.53389493e+03 3.28646649e+09 -6.92821188e+00
5.53389555e+03 3.28646969e+09 -6.92881421e+00
5.53389569e+03 3.28647288e+09 -6.92824444e+00
5.53389357e+03 3.28647672e+09 -6.92881421e+00
5.53388964e+03 3.28648132e+09 -6.92819561e+00
5.53388419e+03 3.28648684e+09 -6.92881421e+00
5.53387727e+03 3.28649347e+09 -6.92812138e+00
5.53386833e+03 3.28650142e+09 -6.92867488e+00
5.53385802e+03 3.28651096e+09 -6.92800439e+00
5.53384532e+03 3.28652242e+09 -6.92867488e+00
5.53382949e+03 3.28653616e+09 -6.92881421e+00
5.53381167e+03 3.28655265e+09 -6.92788075e+00
5.53381185e+03 3.28656254e+09 -6.92859151e+00
5.53380374e+03 3.28657442e+09 -6.92790191e+00
5.53381131e+03 3.28657926e+09 -6.92859151e+00
5.53381382e+03 3.28658410e+09 -6.92794340e+00
5.53381175e+03 3.28658990e+09 -6.92874454e+00
5.53380658e+03 3.28659687e+09 -6.92794340e+00
5.53380898e+03 3.28660105e+09 -6.92874454e+00
5.53380888e+03 3.28660539e+09 -6.92793567e+00
5.53381212e+03 3.28660799e+09 -6.92874454e+00
5.53381237e+03 3.28661112e+09 -6.92795357e+00
5.53381044e+03 3.28661487e+09 -6.92834148e+00
5.53380675e+03 3.28661937e+09 -6.92790191e+00
5.53380848e+03 3.28662207e+09 -6.92834148e+00
5.53380758e+03 3.28662531e+09 -6.92788869e+00
5.53380462e+03 3.28662919e+09 -6.92834148e+00
5.53380018e+03 3.28663386e+09 -6.92782785e+00
5.53379399e+03 3.28663946e+09 -6.92834148e+00
5.53379134e+03 3.28664435e+09 -6.92774786e+00
5.53378565e+03 3.28665022e+09 -6.92834148e+00
5.53377812e+03 3.28665726e+09 -6.92767549e+00
5.53377942e+03 3.28666148e+09 -6.92821191e+00
5.53377677e+03 3.28666655e+09 -6.92767549e+00
5.53377106e+03 3.28667264e+09 -6.92821191e+00
5.53376285e+03 3.28667994e+09 -6.92763328e+00
5.53375247e+03 3.28668870e+09 -6.92821191e+00
5.53373982e+03 3.28669921e+09 -6.92754886e+00
5.53372489e+03 3.28671183e+09 -6.92821191e+00
5.53370674e+03 3.28672697e+09 -6.92834148e+00
5.53370096e+03 3.28673908e+09 -6.92747430e+00
5.53369836e+03 3.28674877e+09 -6.92821191e+00
5.53369785e+03 3.28675652e+09 -6.92750666e+00
5.53369111e+03 3.28676582e+09 -6.92827669e+00
5.53368076e+03 3.28677699e+09 -6.92750666e+00
5.53368633e+03 3.28678198e+09 -6.92827669e+00
5.53368719e+03 3.28678731e+09 -6.92752776e+00
5.53368812e+03 3.28679188e+09 -6.92827669e+00
5.53368918e+03 3.28679581e+09 -6.92754886e+00
5.53368697e+03 3.28680053e+09 -6.92806573e+00
5.53368232e+03 3.28680618e+09 -6.92753831e+00
5.53368443e+03 3.28680957e+09 -6.92806573e+00
5.53368779e+03 3.28681161e+09 -6.92752908e+00
5.53368891e+03 3.28681405e+09 -6.92806573e+00
5.53368812e+03 3.28681699e+09 -6.92754886e+00
5.53368867e+03 3.28681933e+09 -6.92791959e+00
5.53368754e+03 3.28682215e+09 -6.92752908e+00
5.53368479e+03 3.28682552e+09 -6.92791959e+00
5.53368056e+03 3.28682958e+09 -6.92745811e+00
5.53367485e+03 3.28683444e+09 -6.92791959e+00
5.53366806e+03 3.28684028e+09 -6.92740957e+00
5.53365947e+03 3.28684728e+09 -6.92791959e+00
5.53364899e+03 3.28685569e+09 -6.92806573e+00
5.53363740e+03 3.28686577e+09 -6.92731249e+00
5.53362243e+03 3.28687787e+09 -6.92786308e+00
5.53360564e+03 3.28689240e+09 -6.92721924e+00
5.53358513e+03 3.28690982e+09 -6.92799265e+00
5.53358569e+03 3.28692028e+09 -6.92721924e+00
5.53359360e+03 3.28692495e+09 -6.92799265e+00
5.53359483e+03 3.28693056e+09 -6.92726586e+00
5.53359144e+03 3.28693728e+09 -6.92799265e+00
5.53358424e+03 3.28694536e+09 -6.92728359e+00
5.53357430e+03 3.28695504e+09 -6.92799265e+00
5.53356252e+03 3.28696667e+09 -6.92723089e+00
5.53357270e+03 3.28696899e+09 -6.92799265e+00
5.53357758e+03 3.28697175e+09 -6.92726598e+00
5.53357919e+03 3.28697506e+09 -6.92799265e+00
5.53357809e+03 3.28697903e+09 -6.92729245e+00
5.53357462e+03 3.28698380e+09 -6.92799265e+00
5.53357430e+03 3.28698762e+09 -6.92725281e+00
5.53357116e+03 3.28699220e+09 -6.92799265e+00
5.53356611e+03 3.28699770e+09 -6.92723019e+00
5.53357115e+03 3.28699935e+09 -6.92769358e+00
5.53357343e+03 3.28700133e+09 -6.92725281e+00
5.53357379e+03 3.28700371e+09 -6.92769358e+00
5.53357250e+03 3.28700656e+09 -6.92725281e+00
5.53356959e+03 3.28700998e+09 -6.92769358e+00
5.53356554e+03 3.28701409e+09 -6.92718018e+00
5.53355996e+03 3.28701901e+09 -6.92769358e+00
5.53355286e+03 3.28702493e+09 -6.92709800e+00
5.53354438e+03 3.28703202e+09 -6.92754482e+00
5.53353428e+03 3.28704053e+09 -6.92703874e+00
5.53353092e+03 3.28704735e+09 -6.92754482e+00
5.53352935e+03 3.28705319e+09 -6.92697949e+00
5.53352357e+03 3.28706020e+09 -6.92754482e+00
5.53351472e+03 3.28706861e+09 -6.92697949e+00
5.53350312e+03 3.28707871e+09 -6.92754482e+00
5.53348822e+03 3.28709082e+09 -6.92769358e+00
5.53349616e+03 3.28709519e+09 -6.92688125e+00
5.53349848e+03 3.28709955e+09 -6.92754482e+00
5.53349831e+03 3.28710391e+09 -6.92692422e+00
5.53349761e+03 3.28710827e+09 -6.92761919e+00
5.53349637e+03 3.28711263e+09 -6.92698689e+00
5.53349552e+03 3.28711657e+09 -6.92761919e+00
5.53349189e+03 3.28712130e+09 -6.92698689e+00
5.53348623e+03 3.28712697e+09 -6.92743191e+00
5.53347840e+03 3.28713378e+09 -6.92761919e+00
5.53346995e+03 3.28714195e+09 -6.92685669e+00
5.53345742e+03 3.28715176e+09 -6.92738633e+00
5.53344414e+03 3.28716352e+09 -6.92679654e+00
5.53342738e+03 3.28717764e+09 -6.92743191e+00
5.53340863e+03 3.28719458e+09 -6.92679654e+00
5.53341563e+03 3.28720156e+09 -6.92761919e+00
5.53341625e+03 3.28720843e+09 -6.92784309e+00
5.53341834e+03 3.28721431e+09 -6.92692422e+00
5.53341337e+03 3.28722137e+09 -6.92743436e+00
5.53340596e+03 3.28722983e+09 -6.92685669e+00
5.53340846e+03 3.28723491e+09 -6.92743436e+00
5.53340581e+03 3.28724101e+09 -6.92685669e+00
5.53339973e+03 3.28724833e+09 -6.92743436e+00
5.53339060e+03 3.28725711e+09 -6.92761919e+00
5.53338068e+03 3.28726764e+09 -6.92676401e+00
5.53338156e+03 3.28727396e+09 -6.92736899e+00
5.53338098e+03 3.28727999e+09 -6.92676401e+00
5.53338472e+03 3.28728361e+09 -6.92730364e+00
5.53338456e+03 3.28728795e+09 -6.92677966e+00
5.53338104e+03 3.28729316e+09 -6.92730364e+00
5.53338525e+03 3.28729543e+09 -6.92674671e+00
5.53338712e+03 3.28729778e+09 -6.92730364e+00
5.53338681e+03 3.28730060e+09 -6.92677183e+00
5.53338485e+03 3.28730399e+09 -6.92730364e+00
5.53338661e+03 3.28730602e+09 -6.92674671e+00
5.53338665e+03 3.28730846e+09 -6.92717295e+00
5.53338483e+03 3.28731139e+09 -6.92676401e+00
5.53338166e+03 3.28731490e+09 -6.92717295e+00
5.53337720e+03 3.28731911e+09 -6.92669481e+00
5.53337118e+03 3.28732417e+09 -6.92717295e+00
5.53336384e+03 3.28733024e+09 -6.92662563e+00
5.53335491e+03 3.28733752e+09 -6.92717295e+00
5.53334377e+03 3.28734626e+09 -6.92730364e+00
5.53333169e+03 3.28735674e+09 -6.92650324e+00
5.53331662e+03 3.28736932e+09 -6.92711076e+00
5.53329877e+03 3.28738442e+09 -6.92650324e+00
5.53330910e+03 3.28738895e+09 -6.92717295e+00
5.53331157e+03 3.28739389e+09 -6.92651854e+00
5.53331675e+03 3.28739685e+09 -6.92730364e+00
5.53331719e+03 3.28740041e+09 -6.92656443e+00
5.53331529e+03 3.28740467e+09 -6.92730364e+00
5.53331084e+03 3.28740979e+09 -6.92658838e+00
5.53331308e+03 3.28741287e+09 -6.92704857e+00
5.53331201e+03 3.28741655e+09 -6.92658838e+00
5.53330859e+03 3.28742098e+09 -6.92704857e+00
5.53330327e+03 3.28742629e+09 -6.92650872e+00
5.53329617e+03 3.28743266e+09 -6.92704857e+00
5.53328689e+03 3.28744030e+09 -6.92730364e+00
5.53328416e+03 3.28744666e+09 -6.92638102e+00
5.53327691e+03 3.28745429e+09 -6.92697072e+00
5.53326698e+03 3.28746345e+09 -6.92638102e+00
5.53325401e+03 3.28747444e+09 -6.92704857e+00
5.53324921e+03 3.28748343e+09 -6.92730364e+00
5.53324768e+03 3.28749101e+09 -6.92633738e+00
5.53325117e+03 3.28749557e+09 -6.92697072e+00
5.53324966e+03 3.28750103e+09 -6.92635920e+00
5.53324464e+03 3.28750759e+09 -6.92689287e+00
5.53323683e+03 3.28751545e+09 -6.92633738e+00
5.53324342e+03 3.28751782e+09 -6.92689287e+00
5.53324614e+03 3.28752065e+09 -6.92635783e+00
5.53324577e+03 3.28752405e+09 -6.92689287e+00
5.53324854e+03 3.28752609e+09 -6.92636738e+00
5.53324891e+03 3.28752853e+09 -6.92689287e+00
5.53325129e+03 3.28753000e+09 -6.92637965e+00
5.53325206e+03 3.28753176e+09 -6.92689287e+00
5.53325319e+03 3.28753317e+09 -6.92641103e+00
5.53325313e+03 3.28753486e+09 -6.92689287e+00
5.53325203e+03 3.28753689e+09 -6.92641103e+00
5.53324986e+03 3.28753933e+09 -6.92689287e+00
5.53324681e+03 3.28754225e+09 -6.92634283e+00
5.53324229e+03 3.28754576e+09 -6.92689287e+00
5.53323728e+03 3.28754997e+09 -6.92626756e+00
5.53323049e+03 3.28755502e+09 -6.92665897e+00
5.53322289e+03 3.28756108e+09 -6.92626756e+00
5.53321333e+03 3.28756835e+09 -6.92665897e+00
5.53321457e+03 3.28757272e+09 -6.92617597e+00
5.53321107e+03 3.28757795e+09 -6.92665897e+00
5.53320497e+03 3.28758424e+09 -6.92617597e+00
5.53319604e+03 3.28759178e+09 -6.92665897e+00
5.53318569e+03 3.28760083e+09 -6.92608440e+00
5.53317278e+03 3.28761169e+09 -6.92665897e+00
5.53316782e+03 3.28762037e+09 -6.92602727e+00
5.53317116e+03 3.28762558e+09 -6.92665897e+00
5.53316775e+03 3.28763184e+09 -6.92608440e+00
5.53316129e+03 3.28763934e+09 -6.92665897e+00
5.53316315e+03 3.28764385e+09 -6.92605583e+00
5.53316041e+03 3.28764925e+09 -6.92665897e+00
5.53315475e+03 3.28765574e+09 -6.92608440e+00
5.53315691e+03 3.28765963e+09 -6.92665897e+00
5.53315480e+03 3.28766430e+09 -6.92608440e+00
5.53314999e+03 3.28766990e+09 -6.92665897e+00
5.53314287e+03 3.28767662e+09 -6.92604155e+00
5.53314421e+03 3.28768066e+09 -6.92665897e+00
5.53314192e+03 3.28768550e+09 -6.92604155e+00
5.53313677e+03 3.28769131e+09 -6.92665897e+00
5.53312951e+03 3.28769828e+09 -6.92599870e+00
5.53312731e+03 3.28770385e+09 -6.92665897e+00
5.53312147e+03 3.28771055e+09 -6.92595586e+00
5.53312337e+03 3.28771456e+09 -6.92665897e+00
5.53312128e+03 3.28771938e+09 -6.92596657e+00
5.53311619e+03 3.28772516e+09 -6.92665897e+00
5.53310890e+03 3.28773210e+09 -6.92593444e+00
5.53311344e+03 3.28773487e+09 -6.92665897e+00
5.53311441e+03 3.28773820e+09 -6.92594515e+00
5.53311229e+03 3.28774220e+09 -6.92665897e+00
5.53311209e+03 3.28774549e+09 -6.92593444e+00
5.53310951e+03 3.28774943e+09 -6.92637693e+00
5.53310488e+03 3.28775417e+09 -6.92591302e+00
5.53309830e+03 3.28775985e+09 -6.92637693e+00
5.53309002e+03 3.28776666e+09 -6.92587019e+00
5.53307997e+03 3.28777484e+09 -6.92637693e+00
5.53306791e+03 3.28778466e+09 -6.92578453e+00
5.53305380e+03 3.28779644e+09 -6.92637693e+00
5.53303701e+03 3.28781057e+09 -6.92574171e+00
5.53303744e+03 3.28781905e+09 -6.92689287e+00
5.53304656e+03 3.28782109e+09 -6.92575242e+00
5.53305243e+03 3.28782312e+09 -6.92689287e+00
5.53305591e+03 3.28782516e+09 -6.92593444e+00
5.53305827e+03 3.28782719e+09 -6.92637693e+00
5.53305985e+03 3.28782923e+09 -6.92637693e+00
5.53305973e+03 3.28783167e+09 -6.92637693e+00
5.53305806e+03 3.28783460e+09 -6.92610729e+00
5.53305490e+03 3.28783812e+09 -6.92637693e+00
5.53305060e+03 3.28784234e+09 -6.92593444e+00
5.53304446e+03 3.28784740e+09 -6.92637693e+00
5.53303701e+03 3.28785348e+09 -6.92663482e+00
5.53302903e+03 3.28786078e+09 -6.92581763e+00
5.53301816e+03 3.28786953e+09 -6.92624209e+00
5.53300529e+03 3.28788003e+09 -6.92637693e+00
5.53299097e+03 3.28789263e+09 -6.92567523e+00
5.53297291e+03 3.28790775e+09 -6.92630950e+00
5.53295265e+03 3.28792590e+09 -6.92567523e+00
5.53292861e+03 3.28794768e+09 -6.92650586e+00
5.53290222e+03 3.28797381e+09 -6.92567523e+00
5.53291176e+03 3.28798437e+09 -6.92689287e+00
5.53291124e+03 3.28799536e+09 -6.92574642e+00
5.53290334e+03 3.28800856e+09 -6.92669932e+00
5.53289055e+03 3.28802439e+09 -6.92578202e+00
5.53287356e+03 3.28804339e+09 -6.92655347e+00
5.53285265e+03 3.28806620e+09 -6.92669932e+00
5.53282864e+03 3.28809356e+09 -6.92578202e+00
5.53282963e+03 3.28810997e+09 -6.92669932e+00
5.53282430e+03 3.28812568e+09 -6.92679609e+00
5.53282171e+03 3.28813995e+09 -6.92589763e+00
5.53281949e+03 3.28815206e+09 -6.92662639e+00
5.53281063e+03 3.28816658e+09 -6.92585763e+00
5.53279641e+03 3.28818402e+09 -6.92655347e+00
5.53278894e+03 3.28819952e+09 -6.92575087e+00
5.53277418e+03 3.28821812e+09 -6.92655347e+00
5.53275387e+03 3.28824044e+09 -6.92684448e+00
5.53276621e+03 3.28824847e+09 -6.92570637e+00
5.53277721e+03 3.28825048e+09 -6.92649058e+00
5.53278448e+03 3.28825249e+09 -6.92580203e+00
5.53278930e+03 3.28825450e+09 -6.92642769e+00
5.53279254e+03 3.28825651e+09 -6.92587763e+00
5.53279404e+03 3.28825892e+09 -6.92642769e+00
5.53279396e+03 3.28826181e+09 -6.92594009e+00
5.53279245e+03 3.28826528e+09 -6.92642769e+00
5.53278949e+03 3.28826945e+09 -6.92587106e+00
5.53278490e+03 3.28827444e+09 -6.92642769e+00
5.53277916e+03 3.28828044e+09 -6.92570910e+00
5.53277150e+03 3.28828764e+09 -6.92615223e+00
5.53276314e+03 3.28829628e+09 -6.92558148e+00
5.53275189e+03 3.28830664e+09 -6.92615223e+00
5.53275415e+03 3.28831286e+09 -6.92545389e+00
5.53274967e+03 3.28832032e+09 -6.92615223e+00
5.53274157e+03 3.28832928e+09 -6.92545389e+00
5.53273024e+03 3.28834002e+09 -6.92615223e+00
5.53271669e+03 3.28835292e+09 -6.92536336e+00
