# Teff     (actual)   log(g)     log(Mcv/.9) C12        O16        Na23       Mg24       Al27       Si28       Ca40       Ti48       Cr52       Fe56
6.0000e+03 5.9974e+03 8.5017e+00 -8.4353e+00 3.5334e+00 3.6017e+00 3.3421e+00 3.3000e+00 3.1648e+00 3.1384e+00 3.3868e+00 3.2821e+00 3.1672e+00 3.1470e+00
6.5000e+03 6.4990e+03 8.5006e+00 -9.0923e+00 3.0933e+00 3.1867e+00 2.8077e+00 2.7985e+00 2.7256e+00 2.7025e+00 2.8845e+00 2.7436e+00 2.6236e+00 2.7307e+00
7.0000e+03 6.9960e+03 8.4998e+00 -9.4213e+00 2.9117e+00 2.9356e+00 2.6120e+00 2.5939e+00 2.4840e+00 2.5208e+00 2.6758e+00 2.5297e+00 2.4323e+00 2.5074e+00
7.5000e+03 7.4949e+03 8.4991e+00 -9.6404e+00 2.7737e+00 2.7858e+00 2.4742e+00 2.4629e+00 2.3502e+00 2.3847e+00 2.5297e+00 2.3809e+00 2.2982e+00 2.3583e+00
8.0000e+03 7.9932e+03 8.4984e+00 -9.8308e+00 2.6660e+00 2.6591e+00 2.3659e+00 2.3476e+00 2.2371e+00 2.2769e+00 2.3988e+00 2.2549e+00 2.1892e+00 2.2342e+00
8.5000e+03 8.4971e+03 8.4977e+00 -1.0047e+01 2.5306e+00 2.5129e+00 2.2329e+00 2.2159e+00 2.0876e+00 2.1440e+00 2.2509e+00 2.1069e+00 2.0583e+00 2.0895e+00
9.0000e+03 8.9997e+03 8.4969e+00 -1.0271e+01 2.3989e+00 2.3735e+00 2.1010e+00 2.0789e+00 1.9285e+00 2.0129e+00 2.1044e+00 1.9614e+00 1.9280e+00 1.9482e+00
9.5000e+03 9.4985e+03 8.4962e+00 -1.0441e+01 2.2924e+00 2.2706e+00 1.9965e+00 1.9769e+00 1.8141e+00 1.9082e+00 1.9941e+00 1.8553e+00 1.8262e+00 1.8424e+00
1.0000e+04 9.9965e+03 8.4955e+00 -1.0769e+01 2.0942e+00 2.0378e+00 1.7981e+00 1.7423e+00 1.5836e+00 1.7114e+00 1.7502e+00 1.6231e+00 1.6310e+00 1.6019e+00
1.0500e+04 1.0486e+04 8.4948e+00 -1.1188e+01 1.8337e+00 1.7114e+00 1.5133e+00 1.3825e+00 1.3194e+00 1.4527e+00 1.4568e+00 1.3182e+00 1.3767e+00 1.3415e+00
1.1000e+04 1.0996e+04 8.4940e+00 -1.1761e+01 1.4812e+00 1.3511e+00 1.0337e+00 1.0072e+00 9.6287e-01 1.1023e+00 1.0550e+00 8.7124e-01 1.0209e+00 9.1888e-01
1.1500e+04 1.1490e+04 8.4931e+00 -1.2531e+01 9.8792e-01 7.5319e-01 5.3284e-01 2.6673e-01 4.6305e-01 6.1238e-01 4.6163e-01 3.7764e-01 4.6435e-01 4.1116e-01
1.2000e+04 1.1992e+04 8.4923e+00 -1.3519e+01 1.8812e-01 2.8771e-02 -3.4289e-01 -3.6137e-01 -1.6476e-01 -1.2862e-02 -3.3893e-01 -2.4596e-01 -2.8065e-01 -3.2904e-01
1.2500e+04 1.2490e+04 8.4916e+00 -1.4709e+01 -8.5426e-01 -9.8390e-01 -1.6278e+00 -1.1611e+00 -9.5043e-01 -8.8373e-01 -1.3828e+00 -1.0732e+00 -1.2332e+00 -1.2655e+00
1.3000e+04 1.2996e+04 8.4908e+00 -1.6214e+01 -1.8334e+00 -2.4405e+00 -2.5978e+00 -2.1340e+00 -2.1778e+00 -2.2008e+00 -2.3553e+00 -2.4180e+00 -2.4690e+00 -2.5011e+00
1.3500e+04 1.3495e+04 8.4901e+00 -1.6731e+01 -2.5364e+00 -2.7819e+00 -2.9390e+00 -2.4666e+00 -2.5109e+00 -2.5337e+00 -2.6889e+00 -2.7682e+00 -2.8028e+00 -2.8352e+00
1.4000e+04 1.3984e+04 8.4894e+00 -1.6830e+01 -2.7077e+00 -2.8390e+00 -2.9972e+00 -2.5306e+00 -2.6038e+00 -2.5980e+00 -2.7535e+00 -2.8330e+00 -2.8678e+00 -2.9001e+00
1.4500e+04 1.4487e+04 8.4887e+00 -1.6907e+01 -2.7641e+00 -2.8931e+00 -3.0515e+00 -2.5837e+00 -2.7023e+00 -2.6511e+00 -2.8068e+00 -2.8862e+00 -2.9211e+00 -2.9534e+00
1.5000e+04 1.4992e+04 8.4879e+00 -1.6989e+01 -2.8270e+00 -2.9541e+00 -3.1121e+00 -2.6423e+00 -2.7746e+00 -2.7096e+00 -2.8652e+00 -2.9446e+00 -2.9794e+00 -3.0117e+00
1.5500e+04 1.5490e+04 8.4872e+00 -1.7054e+01 -2.8754e+00 -3.0019e+00 -3.1602e+00 -2.6893e+00 -2.8509e+00 -2.7567e+00 -2.9124e+00 -2.9918e+00 -3.0267e+00 -3.0590e+00
1.6000e+04 1.5988e+04 8.4864e+00 -1.7131e+01 -2.9358e+00 -3.0613e+00 -3.2193e+00 -2.7456e+00 -2.9908e+00 -2.8130e+00 -2.9688e+00 -3.0482e+00 -3.0831e+00 -3.1154e+00
1.6500e+04 1.6493e+04 8.4857e+00 -1.7225e+01 -3.0020e+00 -3.1281e+00 -3.2868e+00 -2.8130e+00 -3.1856e+00 -2.8806e+00 -3.0365e+00 -3.1161e+00 -3.1510e+00 -3.1833e+00
1.7000e+04 1.6984e+04 8.4849e+00 -1.7355e+01 -3.1064e+00 -3.2317e+00 -3.3895e+00 -2.9196e+00 -3.4076e+00 -2.9871e+00 -3.1346e+00 -3.2141e+00 -3.2491e+00 -3.2814e+00
1.7500e+04 1.7490e+04 8.4841e+00 -1.7609e+01 -3.2894e+00 -3.4169e+00 -3.5766e+00 -3.1003e+00 -3.6469e+00 -3.1683e+00 -3.3251e+00 -3.4049e+00 -3.4400e+00 -3.4724e+00
1.8000e+04 1.7994e+04 8.4834e+00 -1.7580e+01 -3.2750e+00 -3.4025e+00 -3.5623e+00 -3.0850e+00 -3.6316e+00 -3.1530e+00 -3.3097e+00 -3.3896e+00 -3.4246e+00 -3.4570e+00
1.8500e+04 1.8491e+04 8.4826e+00 -1.7553e+01 -3.2618e+00 -3.3893e+00 -3.5491e+00 -3.0709e+00 -3.5867e+00 -3.1389e+00 -3.2957e+00 -3.3755e+00 -3.4106e+00 -3.4430e+00
1.9000e+04 1.8992e+04 8.4818e+00 -1.7503e+01 -3.2313e+00 -3.3588e+00 -3.5186e+00 -3.0399e+00 -3.2925e+00 -3.1079e+00 -3.2645e+00 -3.3444e+00 -3.3794e+00 -3.4118e+00
1.9500e+04 1.9492e+04 8.4810e+00 -1.7492e+01 -3.2299e+00 -3.3574e+00 -3.5172e+00 -3.0376e+00 -3.1229e+00 -3.1056e+00 -3.2623e+00 -3.3422e+00 -3.3772e+00 -3.4096e+00
2.0000e+04 1.9980e+04 8.4801e+00 -1.7480e+01 -3.2280e+00 -3.3561e+00 -3.5158e+00 -3.0354e+00 -3.0874e+00 -3.1034e+00 -3.2602e+00 -3.3400e+00 -3.3751e+00 -3.4075e+00
2.0500e+04 2.0493e+04 8.4793e+00 -1.7459e+01 -3.2135e+00 -3.3469e+00 -3.5066e+00 -3.0255e+00 -3.0775e+00 -3.0935e+00 -3.2503e+00 -3.3301e+00 -3.3652e+00 -3.3976e+00
